#T(K) viscosity SVP(Pa*s)	viscosity 4.4atm(Pa*s)	Source: Donnelly (SVP) and Goodwin (4.4atm), polynomial fit between 2.15 and 2.3K
0.8	1.58E-005	1.58E-005
0.85	9.54E-006	9.54E-006
0.9	6.29E-006	6.29E-006
0.95	4.81E-006	4.81E-006
1	3.87E-006	3.87E-006
1.05	3.03E-006	3.03E-006
1.1	2.39E-006	2.39E-006
1.15	1.98E-006	1.98E-006 #down to this value the Goodwin values are replaced by the Donnelly ones, and there is no pressure dependance (which might not be correct, I simply couldn't find data below 1.2K)
1.2	1.74E-06	1.78E-06
1.201	1.74E-06	1.78E-06
1.202	1.73E-06	1.78E-06
1.203	1.73E-06	1.78E-06
1.204	1.73E-06	1.77E-06
1.205	1.72E-06	1.77E-06
1.206	1.72E-06	1.77E-06
1.207	1.72E-06	1.77E-06
1.208	1.71E-06	1.76E-06
1.209	1.71E-06	1.76E-06
1.21	1.71E-06	1.76E-06
1.211	1.70E-06	1.76E-06
1.212	1.70E-06	1.75E-06
1.213	1.70E-06	1.75E-06
1.214	1.69E-06	1.75E-06
1.215	1.69E-06	1.75E-06
1.216	1.69E-06	1.74E-06
1.217	1.68E-06	1.74E-06
1.218	1.68E-06	1.74E-06
1.219	1.68E-06	1.74E-06
1.22	1.67E-06	1.73E-06
1.221	1.67E-06	1.73E-06
1.222	1.67E-06	1.73E-06
1.223	1.66E-06	1.73E-06
1.224	1.66E-06	1.73E-06
1.225	1.66E-06	1.72E-06
1.226	1.66E-06	1.72E-06
1.227	1.65E-06	1.72E-06
1.228	1.65E-06	1.72E-06
1.229	1.65E-06	1.72E-06
1.23	1.65E-06	1.71E-06
1.231	1.64E-06	1.71E-06
1.232	1.64E-06	1.71E-06
1.233	1.64E-06	1.71E-06
1.234	1.64E-06	1.71E-06
1.235	1.63E-06	1.70E-06
1.236	1.63E-06	1.70E-06
1.237	1.63E-06	1.70E-06
1.238	1.63E-06	1.70E-06
1.239	1.62E-06	1.70E-06
1.24	1.62E-06	1.70E-06
1.241	1.62E-06	1.69E-06
1.242	1.62E-06	1.69E-06
1.243	1.61E-06	1.69E-06
1.244	1.61E-06	1.69E-06
1.245	1.61E-06	1.69E-06
1.246	1.61E-06	1.69E-06
1.247	1.61E-06	1.68E-06
1.248	1.60E-06	1.68E-06
1.249	1.60E-06	1.68E-06
1.25	1.60E-06	1.68E-06
1.251	1.60E-06	1.68E-06
1.252	1.60E-06	1.68E-06
1.253	1.59E-06	1.67E-06
1.254	1.59E-06	1.67E-06
1.255	1.59E-06	1.67E-06
1.256	1.59E-06	1.67E-06
1.257	1.59E-06	1.67E-06
1.258	1.59E-06	1.67E-06
1.259	1.58E-06	1.67E-06
1.26	1.58E-06	1.66E-06
1.261	1.58E-06	1.66E-06
1.262	1.58E-06	1.66E-06
1.263	1.58E-06	1.66E-06
1.264	1.58E-06	1.66E-06
1.265	1.57E-06	1.66E-06
1.266	1.57E-06	1.66E-06
1.267	1.57E-06	1.66E-06
1.268	1.57E-06	1.65E-06
1.269	1.57E-06	1.65E-06
1.27	1.57E-06	1.65E-06
1.271	1.57E-06	1.65E-06
1.272	1.56E-06	1.65E-06
1.273	1.56E-06	1.65E-06
1.274	1.56E-06	1.65E-06
1.275	1.56E-06	1.65E-06
1.276	1.56E-06	1.64E-06
1.277	1.56E-06	1.64E-06
1.278	1.56E-06	1.64E-06
1.279	1.56E-06	1.64E-06
1.28	1.55E-06	1.64E-06
1.281	1.55E-06	1.64E-06
1.282	1.55E-06	1.64E-06
1.283	1.55E-06	1.64E-06
1.284	1.55E-06	1.64E-06
1.285	1.55E-06	1.63E-06
1.286	1.55E-06	1.63E-06
1.287	1.55E-06	1.63E-06
1.288	1.54E-06	1.63E-06
1.289	1.54E-06	1.63E-06
1.29	1.54E-06	1.63E-06
1.291	1.54E-06	1.63E-06
1.292	1.54E-06	1.63E-06
1.293	1.54E-06	1.63E-06
1.294	1.54E-06	1.63E-06
1.295	1.54E-06	1.62E-06
1.296	1.53E-06	1.62E-06
1.297	1.53E-06	1.62E-06
1.298	1.53E-06	1.62E-06
1.299	1.53E-06	1.62E-06
1.3	1.53E-06	1.62E-06
1.301	1.53E-06	1.62E-06
1.302	1.53E-06	1.62E-06
1.303	1.53E-06	1.62E-06
1.304	1.53E-06	1.62E-06
1.305	1.52E-06	1.61E-06
1.306	1.52E-06	1.61E-06
1.307	1.52E-06	1.61E-06
1.308	1.52E-06	1.61E-06
1.309	1.52E-06	1.61E-06
1.31	1.52E-06	1.61E-06
1.311	1.52E-06	1.61E-06
1.312	1.52E-06	1.61E-06
1.313	1.51E-06	1.61E-06
1.314	1.51E-06	1.61E-06
1.315	1.51E-06	1.60E-06
1.316	1.51E-06	1.60E-06
1.317	1.51E-06	1.60E-06
1.318	1.51E-06	1.60E-06
1.319	1.51E-06	1.60E-06
1.32	1.51E-06	1.60E-06
1.321	1.50E-06	1.60E-06
1.322	1.50E-06	1.60E-06
1.323	1.50E-06	1.60E-06
1.324	1.50E-06	1.60E-06
1.325	1.50E-06	1.59E-06
1.326	1.50E-06	1.59E-06
1.327	1.50E-06	1.59E-06
1.328	1.50E-06	1.59E-06
1.329	1.49E-06	1.59E-06
1.33	1.49E-06	1.59E-06
1.331	1.49E-06	1.59E-06
1.332	1.49E-06	1.59E-06
1.333	1.49E-06	1.59E-06
1.334	1.49E-06	1.59E-06
1.335	1.49E-06	1.58E-06
1.336	1.49E-06	1.58E-06
1.337	1.49E-06	1.58E-06
1.338	1.48E-06	1.58E-06
1.339	1.48E-06	1.58E-06
1.34	1.48E-06	1.58E-06
1.341	1.48E-06	1.58E-06
1.342	1.48E-06	1.58E-06
1.343	1.48E-06	1.58E-06
1.344	1.48E-06	1.57E-06
1.345	1.48E-06	1.57E-06
1.346	1.47E-06	1.57E-06
1.347	1.47E-06	1.57E-06
1.348	1.47E-06	1.57E-06
1.349	1.47E-06	1.57E-06
1.35	1.47E-06	1.57E-06
1.351	1.47E-06	1.57E-06
1.352	1.47E-06	1.56E-06
1.353	1.47E-06	1.56E-06
1.354	1.47E-06	1.56E-06
1.355	1.46E-06	1.56E-06
1.356	1.46E-06	1.56E-06
1.357	1.46E-06	1.56E-06
1.358	1.46E-06	1.56E-06
1.359	1.46E-06	1.56E-06
1.36	1.46E-06	1.55E-06
1.361	1.46E-06	1.55E-06
1.362	1.46E-06	1.55E-06
1.363	1.46E-06	1.55E-06
1.364	1.45E-06	1.55E-06
1.365	1.45E-06	1.55E-06
1.366	1.45E-06	1.55E-06
1.367	1.45E-06	1.54E-06
1.368	1.45E-06	1.54E-06
1.369	1.45E-06	1.54E-06
1.37	1.45E-06	1.54E-06
1.371	1.45E-06	1.54E-06
1.372	1.45E-06	1.54E-06
1.373	1.45E-06	1.54E-06
1.374	1.44E-06	1.54E-06
1.375	1.44E-06	1.53E-06
1.376	1.44E-06	1.53E-06
1.377	1.44E-06	1.53E-06
1.378	1.44E-06	1.53E-06
1.379	1.44E-06	1.53E-06
1.38	1.44E-06	1.53E-06
1.381	1.44E-06	1.53E-06
1.382	1.44E-06	1.53E-06
1.383	1.44E-06	1.52E-06
1.384	1.43E-06	1.52E-06
1.385	1.43E-06	1.52E-06
1.386	1.43E-06	1.52E-06
1.387	1.43E-06	1.52E-06
1.388	1.43E-06	1.52E-06
1.389	1.43E-06	1.52E-06
1.39	1.43E-06	1.52E-06
1.391	1.43E-06	1.51E-06
1.392	1.43E-06	1.51E-06
1.393	1.43E-06	1.51E-06
1.394	1.43E-06	1.51E-06
1.395	1.42E-06	1.51E-06
1.396	1.42E-06	1.51E-06
1.397	1.42E-06	1.51E-06
1.398	1.42E-06	1.51E-06
1.399	1.42E-06	1.51E-06
1.4	1.42E-06	1.51E-06
1.401	1.42E-06	1.51E-06
1.402	1.42E-06	1.50E-06
1.403	1.42E-06	1.50E-06
1.404	1.42E-06	1.50E-06
1.405	1.42E-06	1.50E-06
1.406	1.41E-06	1.50E-06
1.407	1.41E-06	1.50E-06
1.408	1.41E-06	1.50E-06
1.409	1.41E-06	1.50E-06
1.41	1.41E-06	1.50E-06
1.411	1.41E-06	1.50E-06
1.412	1.41E-06	1.50E-06
1.413	1.41E-06	1.50E-06
1.414	1.41E-06	1.50E-06
1.415	1.41E-06	1.50E-06
1.416	1.41E-06	1.50E-06
1.417	1.41E-06	1.49E-06
1.418	1.40E-06	1.49E-06
1.419	1.40E-06	1.49E-06
1.42	1.40E-06	1.49E-06
1.421	1.40E-06	1.49E-06
1.422	1.40E-06	1.49E-06
1.423	1.40E-06	1.49E-06
1.424	1.40E-06	1.49E-06
1.425	1.40E-06	1.49E-06
1.426	1.40E-06	1.49E-06
1.427	1.40E-06	1.49E-06
1.428	1.40E-06	1.49E-06
1.429	1.40E-06	1.49E-06
1.43	1.39E-06	1.49E-06
1.431	1.39E-06	1.49E-06
1.432	1.39E-06	1.49E-06
1.433	1.39E-06	1.49E-06
1.434	1.39E-06	1.49E-06
1.435	1.39E-06	1.48E-06
1.436	1.39E-06	1.48E-06
1.437	1.39E-06	1.48E-06
1.438	1.39E-06	1.48E-06
1.439	1.39E-06	1.48E-06
1.44	1.39E-06	1.48E-06
1.441	1.39E-06	1.48E-06
1.442	1.39E-06	1.48E-06
1.443	1.38E-06	1.48E-06
1.444	1.38E-06	1.48E-06
1.445	1.38E-06	1.48E-06
1.446	1.38E-06	1.48E-06
1.447	1.38E-06	1.48E-06
1.448	1.38E-06	1.47E-06
1.449	1.38E-06	1.47E-06
1.45	1.38E-06	1.47E-06
1.451	1.38E-06	1.47E-06
1.452	1.38E-06	1.47E-06
1.453	1.38E-06	1.47E-06
1.454	1.38E-06	1.47E-06
1.455	1.38E-06	1.47E-06
1.456	1.38E-06	1.47E-06
1.457	1.38E-06	1.47E-06
1.458	1.37E-06	1.46E-06
1.459	1.37E-06	1.46E-06
1.46	1.37E-06	1.46E-06
1.461	1.37E-06	1.46E-06
1.462	1.37E-06	1.46E-06
1.463	1.37E-06	1.46E-06
1.464	1.37E-06	1.46E-06
1.465	1.37E-06	1.46E-06
1.466	1.37E-06	1.45E-06
1.467	1.37E-06	1.45E-06
1.468	1.37E-06	1.45E-06
1.469	1.37E-06	1.45E-06
1.47	1.37E-06	1.45E-06
1.471	1.37E-06	1.45E-06
1.472	1.37E-06	1.45E-06
1.473	1.37E-06	1.44E-06
1.474	1.37E-06	1.44E-06
1.475	1.36E-06	1.44E-06
1.476	1.36E-06	1.44E-06
1.477	1.36E-06	1.44E-06
1.478	1.36E-06	1.44E-06
1.479	1.36E-06	1.44E-06
1.48	1.36E-06	1.44E-06
1.481	1.36E-06	1.43E-06
1.482	1.36E-06	1.43E-06
1.483	1.36E-06	1.43E-06
1.484	1.36E-06	1.43E-06
1.485	1.36E-06	1.43E-06
1.486	1.36E-06	1.43E-06
1.487	1.36E-06	1.43E-06
1.488	1.36E-06	1.43E-06
1.489	1.36E-06	1.42E-06
1.49	1.36E-06	1.42E-06
1.491	1.36E-06	1.42E-06
1.492	1.35E-06	1.42E-06
1.493	1.35E-06	1.42E-06
1.494	1.35E-06	1.42E-06
1.495	1.35E-06	1.42E-06
1.496	1.35E-06	1.42E-06
1.497	1.35E-06	1.42E-06
1.498	1.35E-06	1.42E-06
1.499	1.35E-06	1.41E-06
1.5	1.35E-06	1.41E-06
1.501	1.35E-06	1.41E-06
1.502	1.35E-06	1.41E-06
1.503	1.35E-06	1.41E-06
1.504	1.35E-06	1.41E-06
1.505	1.35E-06	1.41E-06
1.506	1.35E-06	1.41E-06
1.507	1.35E-06	1.41E-06
1.508	1.34E-06	1.41E-06
1.509	1.34E-06	1.41E-06
1.51	1.34E-06	1.41E-06
1.511	1.34E-06	1.41E-06
1.512	1.34E-06	1.41E-06
1.513	1.34E-06	1.41E-06
1.514	1.34E-06	1.41E-06
1.515	1.34E-06	1.41E-06
1.516	1.34E-06	1.41E-06
1.517	1.34E-06	1.41E-06
1.518	1.34E-06	1.41E-06
1.519	1.34E-06	1.41E-06
1.52	1.34E-06	1.41E-06
1.521	1.34E-06	1.41E-06
1.522	1.34E-06	1.41E-06
1.523	1.33E-06	1.41E-06
1.524	1.33E-06	1.41E-06
1.525	1.33E-06	1.41E-06
1.526	1.33E-06	1.41E-06
1.527	1.33E-06	1.41E-06
1.528	1.33E-06	1.41E-06
1.529	1.33E-06	1.41E-06
1.53	1.33E-06	1.41E-06
1.531	1.33E-06	1.41E-06
1.532	1.33E-06	1.41E-06
1.533	1.33E-06	1.41E-06
1.534	1.33E-06	1.41E-06
1.535	1.33E-06	1.41E-06
1.536	1.33E-06	1.41E-06
1.537	1.33E-06	1.41E-06
1.538	1.33E-06	1.41E-06
1.539	1.33E-06	1.41E-06
1.54	1.32E-06	1.41E-06
1.541	1.32E-06	1.41E-06
1.542	1.32E-06	1.41E-06
1.543	1.32E-06	1.41E-06
1.544	1.32E-06	1.41E-06
1.545	1.32E-06	1.41E-06
1.546	1.32E-06	1.41E-06
1.547	1.32E-06	1.41E-06
1.548	1.32E-06	1.41E-06
1.549	1.32E-06	1.41E-06
1.55	1.32E-06	1.41E-06
1.551	1.32E-06	1.41E-06
1.552	1.32E-06	1.41E-06
1.553	1.32E-06	1.41E-06
1.554	1.32E-06	1.41E-06
1.555	1.32E-06	1.41E-06
1.556	1.32E-06	1.41E-06
1.557	1.32E-06	1.41E-06
1.558	1.32E-06	1.41E-06
1.559	1.32E-06	1.41E-06
1.56	1.32E-06	1.41E-06
1.561	1.32E-06	1.41E-06
1.562	1.32E-06	1.41E-06
1.563	1.32E-06	1.41E-06
1.564	1.32E-06	1.41E-06
1.565	1.32E-06	1.41E-06
1.566	1.32E-06	1.41E-06
1.567	1.31E-06	1.41E-06
1.568	1.31E-06	1.41E-06
1.569	1.31E-06	1.41E-06
1.57	1.31E-06	1.41E-06
1.571	1.31E-06	1.41E-06
1.572	1.31E-06	1.41E-06
1.573	1.31E-06	1.41E-06
1.574	1.31E-06	1.41E-06
1.575	1.31E-06	1.41E-06
1.576	1.31E-06	1.41E-06
1.577	1.31E-06	1.41E-06
1.578	1.31E-06	1.41E-06
1.579	1.31E-06	1.41E-06
1.58	1.31E-06	1.41E-06
1.581	1.31E-06	1.41E-06
1.582	1.31E-06	1.41E-06
1.583	1.31E-06	1.41E-06
1.584	1.31E-06	1.41E-06
1.585	1.31E-06	1.41E-06
1.586	1.31E-06	1.41E-06
1.587	1.31E-06	1.41E-06
1.588	1.31E-06	1.41E-06
1.589	1.31E-06	1.41E-06
1.59	1.31E-06	1.41E-06
1.591	1.31E-06	1.41E-06
1.592	1.31E-06	1.41E-06
1.593	1.31E-06	1.41E-06
1.594	1.31E-06	1.41E-06
1.595	1.31E-06	1.41E-06
1.596	1.31E-06	1.41E-06
1.597	1.31E-06	1.41E-06
1.598	1.31E-06	1.41E-06
1.599	1.31E-06	1.41E-06
1.6	1.31E-06	1.41E-06
1.601	1.31E-06	1.40E-06
1.602	1.31E-06	1.40E-06
1.603	1.31E-06	1.40E-06
1.604	1.31E-06	1.40E-06
1.605	1.31E-06	1.40E-06
1.606	1.31E-06	1.40E-06
1.607	1.31E-06	1.40E-06
1.608	1.31E-06	1.40E-06
1.609	1.31E-06	1.40E-06
1.61	1.31E-06	1.40E-06
1.611	1.31E-06	1.40E-06
1.612	1.31E-06	1.40E-06
1.613	1.31E-06	1.40E-06
1.614	1.31E-06	1.40E-06
1.615	1.31E-06	1.40E-06
1.616	1.31E-06	1.40E-06
1.617	1.31E-06	1.40E-06
1.618	1.31E-06	1.40E-06
1.619	1.31E-06	1.40E-06
1.62	1.31E-06	1.40E-06
1.621	1.31E-06	1.40E-06
1.622	1.31E-06	1.40E-06
1.623	1.31E-06	1.40E-06
1.624	1.31E-06	1.40E-06
1.625	1.31E-06	1.40E-06
1.626	1.31E-06	1.40E-06
1.627	1.31E-06	1.40E-06
1.628	1.30E-06	1.40E-06
1.629	1.30E-06	1.39E-06
1.63	1.30E-06	1.39E-06
1.631	1.30E-06	1.39E-06
1.632	1.30E-06	1.39E-06
1.633	1.30E-06	1.39E-06
1.634	1.30E-06	1.39E-06
1.635	1.30E-06	1.39E-06
1.636	1.30E-06	1.39E-06
1.637	1.30E-06	1.39E-06
1.638	1.30E-06	1.39E-06
1.639	1.30E-06	1.39E-06
1.64	1.30E-06	1.39E-06
1.641	1.30E-06	1.39E-06
1.642	1.30E-06	1.39E-06
1.643	1.30E-06	1.39E-06
1.644	1.30E-06	1.39E-06
1.645	1.30E-06	1.39E-06
1.646	1.30E-06	1.39E-06
1.647	1.30E-06	1.39E-06
1.648	1.30E-06	1.39E-06
1.649	1.30E-06	1.39E-06
1.65	1.30E-06	1.39E-06
1.651	1.30E-06	1.39E-06
1.652	1.30E-06	1.39E-06
1.653	1.30E-06	1.38E-06
1.654	1.30E-06	1.38E-06
1.655	1.30E-06	1.38E-06
1.656	1.30E-06	1.38E-06
1.657	1.30E-06	1.38E-06
1.658	1.30E-06	1.38E-06
1.659	1.30E-06	1.38E-06
1.66	1.30E-06	1.38E-06
1.661	1.30E-06	1.38E-06
1.662	1.30E-06	1.38E-06
1.663	1.30E-06	1.38E-06
1.664	1.30E-06	1.38E-06
1.665	1.30E-06	1.38E-06
1.666	1.30E-06	1.38E-06
1.667	1.30E-06	1.38E-06
1.668	1.30E-06	1.38E-06
1.669	1.30E-06	1.38E-06
1.67	1.30E-06	1.38E-06
1.671	1.30E-06	1.38E-06
1.672	1.29E-06	1.38E-06
1.673	1.29E-06	1.38E-06
1.674	1.29E-06	1.38E-06
1.675	1.29E-06	1.38E-06
1.676	1.29E-06	1.38E-06
1.677	1.29E-06	1.38E-06
1.678	1.29E-06	1.38E-06
1.679	1.29E-06	1.38E-06
1.68	1.29E-06	1.38E-06
1.681	1.29E-06	1.38E-06
1.682	1.29E-06	1.38E-06
1.683	1.29E-06	1.38E-06
1.684	1.29E-06	1.37E-06
1.685	1.29E-06	1.37E-06
1.686	1.29E-06	1.37E-06
1.687	1.29E-06	1.37E-06
1.688	1.29E-06	1.37E-06
1.689	1.29E-06	1.37E-06
1.69	1.29E-06	1.37E-06
1.691	1.29E-06	1.37E-06
1.692	1.29E-06	1.37E-06
1.693	1.29E-06	1.37E-06
1.694	1.29E-06	1.37E-06
1.695	1.29E-06	1.37E-06
1.696	1.29E-06	1.37E-06
1.697	1.29E-06	1.37E-06
1.698	1.29E-06	1.37E-06
1.699	1.29E-06	1.37E-06
1.7	1.29E-06	1.38E-06
1.701	1.29E-06	1.38E-06
1.702	1.29E-06	1.38E-06
1.703	1.29E-06	1.38E-06
1.704	1.29E-06	1.38E-06
1.705	1.29E-06	1.38E-06
1.706	1.29E-06	1.38E-06
1.707	1.29E-06	1.38E-06
1.708	1.29E-06	1.38E-06
1.709	1.29E-06	1.38E-06
1.71	1.29E-06	1.38E-06
1.711	1.29E-06	1.38E-06
1.712	1.29E-06	1.38E-06
1.713	1.29E-06	1.38E-06
1.714	1.29E-06	1.38E-06
1.715	1.29E-06	1.38E-06
1.716	1.29E-06	1.38E-06
1.717	1.29E-06	1.38E-06
1.718	1.29E-06	1.38E-06
1.719	1.29E-06	1.38E-06
1.72	1.29E-06	1.38E-06
1.721	1.29E-06	1.38E-06
1.722	1.29E-06	1.38E-06
1.723	1.29E-06	1.38E-06
1.724	1.29E-06	1.38E-06
1.725	1.29E-06	1.38E-06
1.726	1.29E-06	1.38E-06
1.727	1.29E-06	1.39E-06
1.728	1.29E-06	1.39E-06
1.729	1.29E-06	1.39E-06
1.73	1.29E-06	1.39E-06
1.731	1.29E-06	1.39E-06
1.732	1.29E-06	1.39E-06
1.733	1.29E-06	1.39E-06
1.734	1.29E-06	1.39E-06
1.735	1.29E-06	1.39E-06
1.736	1.29E-06	1.39E-06
1.737	1.29E-06	1.39E-06
1.738	1.29E-06	1.39E-06
1.739	1.29E-06	1.39E-06
1.74	1.29E-06	1.39E-06
1.741	1.29E-06	1.39E-06
1.742	1.29E-06	1.39E-06
1.743	1.29E-06	1.39E-06
1.744	1.29E-06	1.39E-06
1.745	1.29E-06	1.39E-06
1.746	1.29E-06	1.39E-06
1.747	1.29E-06	1.39E-06
1.748	1.29E-06	1.40E-06
1.749	1.29E-06	1.40E-06
1.75	1.29E-06	1.40E-06
1.751	1.29E-06	1.40E-06
1.752	1.29E-06	1.40E-06
1.753	1.29E-06	1.40E-06
1.754	1.29E-06	1.40E-06
1.755	1.29E-06	1.40E-06
1.756	1.29E-06	1.40E-06
1.757	1.29E-06	1.40E-06
1.758	1.29E-06	1.40E-06
1.759	1.29E-06	1.40E-06
1.76	1.29E-06	1.40E-06
1.761	1.29E-06	1.40E-06
1.762	1.29E-06	1.40E-06
1.763	1.29E-06	1.40E-06
1.764	1.29E-06	1.40E-06
1.765	1.29E-06	1.40E-06
1.766	1.29E-06	1.40E-06
1.767	1.29E-06	1.40E-06
1.768	1.29E-06	1.40E-06
1.769	1.29E-06	1.40E-06
1.77	1.29E-06	1.40E-06
1.771	1.29E-06	1.40E-06
1.772	1.29E-06	1.40E-06
1.773	1.29E-06	1.40E-06
1.774	1.29E-06	1.40E-06
1.775	1.29E-06	1.40E-06
1.776	1.29E-06	1.40E-06
1.777	1.29E-06	1.40E-06
1.778	1.29E-06	1.40E-06
1.779	1.29E-06	1.40E-06
1.78	1.29E-06	1.40E-06
1.781	1.30E-06	1.40E-06
1.782	1.30E-06	1.40E-06
1.783	1.30E-06	1.40E-06
1.784	1.30E-06	1.40E-06
1.785	1.30E-06	1.40E-06
1.786	1.30E-06	1.40E-06
1.787	1.30E-06	1.40E-06
1.788	1.30E-06	1.40E-06
1.789	1.30E-06	1.40E-06
1.79	1.30E-06	1.40E-06
1.791	1.30E-06	1.41E-06
1.792	1.30E-06	1.41E-06
1.793	1.30E-06	1.41E-06
1.794	1.30E-06	1.41E-06
1.795	1.30E-06	1.41E-06
1.796	1.30E-06	1.41E-06
1.797	1.30E-06	1.41E-06
1.798	1.30E-06	1.41E-06
1.799	1.30E-06	1.41E-06
1.8	1.30E-06	1.41E-06
1.801	1.30E-06	1.41E-06
1.802	1.30E-06	1.41E-06
1.803	1.30E-06	1.41E-06
1.804	1.30E-06	1.41E-06
1.805	1.30E-06	1.41E-06
1.806	1.30E-06	1.41E-06
1.807	1.30E-06	1.41E-06
1.808	1.30E-06	1.41E-06
1.809	1.30E-06	1.41E-06
1.81	1.30E-06	1.42E-06
1.811	1.30E-06	1.42E-06
1.812	1.30E-06	1.42E-06
1.813	1.30E-06	1.42E-06
1.814	1.30E-06	1.42E-06
1.815	1.31E-06	1.42E-06
1.816	1.31E-06	1.42E-06
1.817	1.31E-06	1.42E-06
1.818	1.31E-06	1.42E-06
1.819	1.31E-06	1.42E-06
1.82	1.31E-06	1.42E-06
1.821	1.31E-06	1.42E-06
1.822	1.31E-06	1.42E-06
1.823	1.31E-06	1.43E-06
1.824	1.31E-06	1.43E-06
1.825	1.31E-06	1.43E-06
1.826	1.31E-06	1.43E-06
1.827	1.31E-06	1.43E-06
1.828	1.31E-06	1.43E-06
1.829	1.31E-06	1.43E-06
1.83	1.31E-06	1.43E-06
1.831	1.31E-06	1.43E-06
1.832	1.31E-06	1.43E-06
1.833	1.31E-06	1.43E-06
1.834	1.31E-06	1.44E-06
1.835	1.31E-06	1.44E-06
1.836	1.31E-06	1.44E-06
1.837	1.31E-06	1.44E-06
1.838	1.31E-06	1.44E-06
1.839	1.31E-06	1.44E-06
1.84	1.32E-06	1.44E-06
1.841	1.32E-06	1.44E-06
1.842	1.32E-06	1.44E-06
1.843	1.32E-06	1.44E-06
1.844	1.32E-06	1.45E-06
1.845	1.32E-06	1.45E-06
1.846	1.32E-06	1.45E-06
1.847	1.32E-06	1.45E-06
1.848	1.32E-06	1.45E-06
1.849	1.32E-06	1.45E-06
1.85	1.32E-06	1.45E-06
1.851	1.32E-06	1.45E-06
1.852	1.32E-06	1.45E-06
1.853	1.32E-06	1.45E-06
1.854	1.32E-06	1.45E-06
1.855	1.32E-06	1.46E-06
1.856	1.32E-06	1.46E-06
1.857	1.32E-06	1.46E-06
1.858	1.32E-06	1.46E-06
1.859	1.32E-06	1.46E-06
1.86	1.32E-06	1.46E-06
1.861	1.33E-06	1.46E-06
1.862	1.33E-06	1.46E-06
1.863	1.33E-06	1.46E-06
1.864	1.33E-06	1.46E-06
1.865	1.33E-06	1.46E-06
1.866	1.33E-06	1.47E-06
1.867	1.33E-06	1.47E-06
1.868	1.33E-06	1.47E-06
1.869	1.33E-06	1.47E-06
1.87	1.33E-06	1.47E-06
1.871	1.33E-06	1.47E-06
1.872	1.33E-06	1.47E-06
1.873	1.33E-06	1.47E-06
1.874	1.33E-06	1.47E-06
1.875	1.33E-06	1.47E-06
1.876	1.33E-06	1.47E-06
1.877	1.33E-06	1.47E-06
1.878	1.33E-06	1.48E-06
1.879	1.34E-06	1.48E-06
1.88	1.34E-06	1.48E-06
1.881	1.34E-06	1.48E-06
1.882	1.34E-06	1.48E-06
1.883	1.34E-06	1.48E-06
1.884	1.34E-06	1.48E-06
1.885	1.34E-06	1.48E-06
1.886	1.34E-06	1.48E-06
1.887	1.34E-06	1.48E-06
1.888	1.34E-06	1.48E-06
1.889	1.34E-06	1.48E-06
1.89	1.34E-06	1.48E-06
1.891	1.34E-06	1.49E-06
1.892	1.34E-06	1.49E-06
1.893	1.34E-06	1.49E-06
1.894	1.35E-06	1.49E-06
1.895	1.35E-06	1.49E-06
1.896	1.35E-06	1.49E-06
1.897	1.35E-06	1.49E-06
1.898	1.35E-06	1.49E-06
1.899	1.35E-06	1.49E-06
1.9	1.35E-06	1.49E-06
1.901	1.35E-06	1.49E-06
1.902	1.35E-06	1.49E-06
1.903	1.35E-06	1.49E-06
1.904	1.35E-06	1.49E-06
1.905	1.35E-06	1.50E-06
1.906	1.35E-06	1.50E-06
1.907	1.36E-06	1.50E-06
1.908	1.36E-06	1.50E-06
1.909	1.36E-06	1.50E-06
1.91	1.36E-06	1.50E-06
1.911	1.36E-06	1.50E-06
1.912	1.36E-06	1.50E-06
1.913	1.36E-06	1.50E-06
1.914	1.36E-06	1.50E-06
1.915	1.36E-06	1.50E-06
1.916	1.36E-06	1.50E-06
1.917	1.36E-06	1.50E-06
1.918	1.37E-06	1.50E-06
1.919	1.37E-06	1.51E-06
1.92	1.37E-06	1.51E-06
1.921	1.37E-06	1.51E-06
1.922	1.37E-06	1.51E-06
1.923	1.37E-06	1.51E-06
1.924	1.37E-06	1.51E-06
1.925	1.37E-06	1.51E-06
1.926	1.37E-06	1.51E-06
1.927	1.37E-06	1.51E-06
1.928	1.38E-06	1.51E-06
1.929	1.38E-06	1.51E-06
1.93	1.38E-06	1.51E-06
1.931	1.38E-06	1.51E-06
1.932	1.38E-06	1.51E-06
1.933	1.38E-06	1.52E-06
1.934	1.38E-06	1.52E-06
1.935	1.38E-06	1.52E-06
1.936	1.38E-06	1.52E-06
1.937	1.38E-06	1.52E-06
1.938	1.39E-06	1.52E-06
1.939	1.39E-06	1.52E-06
1.94	1.39E-06	1.52E-06
1.941	1.39E-06	1.52E-06
1.942	1.39E-06	1.52E-06
1.943	1.39E-06	1.52E-06
1.944	1.39E-06	1.52E-06
1.945	1.39E-06	1.53E-06
1.946	1.40E-06	1.53E-06
1.947	1.40E-06	1.53E-06
1.948	1.40E-06	1.53E-06
1.949	1.40E-06	1.53E-06
1.95	1.40E-06	1.53E-06
1.951	1.40E-06	1.53E-06
1.952	1.40E-06	1.53E-06
1.953	1.40E-06	1.53E-06
1.954	1.40E-06	1.53E-06
1.955	1.41E-06	1.53E-06
1.956	1.41E-06	1.54E-06
1.957	1.41E-06	1.54E-06
1.958	1.41E-06	1.54E-06
1.959	1.41E-06	1.54E-06
1.96	1.41E-06	1.54E-06
1.961	1.41E-06	1.54E-06
1.962	1.42E-06	1.54E-06
1.963	1.42E-06	1.54E-06
1.964	1.42E-06	1.54E-06
1.965	1.42E-06	1.55E-06
1.966	1.42E-06	1.55E-06
1.967	1.42E-06	1.55E-06
1.968	1.42E-06	1.55E-06
1.969	1.42E-06	1.55E-06
1.97	1.43E-06	1.55E-06
1.971	1.43E-06	1.55E-06
1.972	1.43E-06	1.55E-06
1.973	1.43E-06	1.56E-06
1.974	1.43E-06	1.56E-06
1.975	1.43E-06	1.56E-06
1.976	1.43E-06	1.56E-06
1.977	1.44E-06	1.56E-06
1.978	1.44E-06	1.56E-06
1.979	1.44E-06	1.56E-06
1.98	1.44E-06	1.57E-06
1.981	1.44E-06	1.57E-06
1.982	1.44E-06	1.57E-06
1.983	1.44E-06	1.57E-06
1.984	1.45E-06	1.57E-06
1.985	1.45E-06	1.57E-06
1.986	1.45E-06	1.58E-06
1.987	1.45E-06	1.58E-06
1.988	1.45E-06	1.58E-06
1.989	1.45E-06	1.58E-06
1.99	1.45E-06	1.58E-06
1.991	1.46E-06	1.58E-06
1.992	1.46E-06	1.59E-06
1.993	1.46E-06	1.59E-06
1.994	1.46E-06	1.59E-06
1.995	1.46E-06	1.59E-06
1.996	1.46E-06	1.59E-06
1.997	1.47E-06	1.60E-06
1.998	1.47E-06	1.60E-06
1.999	1.47E-06	1.60E-06
2	1.47E-06	1.60E-06
2.001	1.47E-06	1.61E-06
2.002	1.47E-06	1.61E-06
2.003	1.47E-06	1.61E-06
2.004	1.48E-06	1.62E-06
2.005	1.48E-06	1.62E-06
2.006	1.48E-06	1.63E-06
2.007	1.48E-06	1.63E-06
2.008	1.48E-06	1.63E-06
2.009	1.48E-06	1.64E-06
2.01	1.49E-06	1.64E-06
2.011	1.49E-06	1.65E-06
2.012	1.49E-06	1.65E-06
2.013	1.49E-06	1.65E-06
2.014	1.49E-06	1.66E-06
2.015	1.49E-06	1.66E-06
2.016	1.50E-06	1.67E-06
2.017	1.50E-06	1.67E-06
2.018	1.50E-06	1.67E-06
2.019	1.50E-06	1.68E-06
2.02	1.50E-06	1.68E-06
2.021	1.50E-06	1.68E-06
2.022	1.51E-06	1.69E-06
2.023	1.51E-06	1.69E-06
2.024	1.51E-06	1.69E-06
2.025	1.51E-06	1.70E-06
2.026	1.51E-06	1.70E-06
2.027	1.52E-06	1.71E-06
2.028	1.52E-06	1.71E-06
2.029	1.52E-06	1.71E-06
2.03	1.52E-06	1.72E-06
2.031	1.52E-06	1.72E-06
2.032	1.53E-06	1.72E-06
2.033	1.53E-06	1.73E-06
2.034	1.53E-06	1.73E-06
2.035	1.53E-06	1.74E-06
2.036	1.53E-06	1.74E-06
2.037	1.54E-06	1.74E-06
2.038	1.54E-06	1.75E-06
2.039	1.54E-06	1.75E-06
2.04	1.54E-06	1.75E-06
2.041	1.55E-06	1.76E-06
2.042	1.55E-06	1.76E-06
2.043	1.55E-06	1.77E-06
2.044	1.55E-06	1.77E-06
2.045	1.56E-06	1.78E-06
2.046	1.56E-06	1.78E-06
2.047	1.56E-06	1.78E-06
2.048	1.56E-06	1.79E-06
2.049	1.57E-06	1.79E-06
2.05	1.57E-06	1.80E-06
2.051	1.57E-06	1.80E-06
2.052	1.58E-06	1.80E-06
2.053	1.58E-06	1.80E-06
2.054	1.58E-06	1.80E-06
2.055	1.59E-06	1.80E-06
2.056	1.59E-06	1.80E-06
2.057	1.59E-06	1.80E-06
2.058	1.59E-06	1.80E-06
2.059	1.60E-06	1.81E-06
2.06	1.60E-06	1.81E-06
2.061	1.61E-06	1.81E-06
2.062	1.61E-06	1.82E-06
2.063	1.61E-06	1.82E-06
2.064	1.62E-06	1.82E-06
2.065	1.62E-06	1.83E-06
2.066	1.62E-06	1.83E-06
2.067	1.63E-06	1.84E-06
2.068	1.63E-06	1.84E-06
2.069	1.64E-06	1.85E-06
2.07	1.64E-06	1.85E-06
2.071	1.64E-06	1.86E-06
2.072	1.65E-06	1.87E-06
2.073	1.65E-06	1.87E-06
2.074	1.66E-06	1.88E-06
2.075	1.66E-06	1.89E-06
2.076	1.67E-06	1.90E-06
2.077	1.67E-06	1.90E-06
2.078	1.67E-06	1.91E-06
2.079	1.68E-06	1.92E-06
2.08	1.68E-06	1.93E-06
2.081	1.69E-06	1.94E-06
2.082	1.69E-06	1.95E-06
2.083	1.70E-06	1.96E-06
2.084	1.70E-06	1.97E-06
2.085	1.71E-06	1.98E-06
2.086	1.72E-06	1.99E-06
2.087	1.72E-06	2.00E-06
2.088	1.73E-06	2.01E-06
2.089	1.73E-06	2.02E-06
2.09	1.74E-06	2.03E-06
2.091	1.74E-06	2.04E-06
2.092	1.75E-06	2.05E-06
2.093	1.76E-06	2.07E-06
2.094	1.76E-06	2.08E-06
2.095	1.77E-06	2.09E-06
2.096	1.77E-06	2.10E-06
2.097	1.78E-06	2.11E-06
2.098	1.79E-06	2.13E-06
2.099	1.79E-06	2.14E-06
2.1	1.80E-06	2.15E-06
2.101	1.81E-06	2.17E-06
2.102	1.81E-06	2.18E-06
2.103	1.82E-06	2.19E-06
2.104	1.83E-06	2.21E-06
2.105	1.83E-06	2.22E-06
2.106	1.84E-06	2.24E-06
2.107	1.85E-06	2.25E-06
2.108	1.86E-06	2.27E-06
2.109	1.86E-06	2.28E-06
2.11	1.87E-06	2.30E-06
2.111	1.88E-06	2.31E-06
2.112	1.88E-06	2.33E-06
2.113	1.89E-06	2.34E-06
2.114	1.90E-06	2.36E-06
2.115	1.91E-06	2.37E-06
2.116	1.91E-06	2.39E-06
2.117	1.92E-06	2.40E-06
2.118	1.93E-06	2.42E-06
2.119	1.93E-06	2.44E-06
2.12	1.94E-06	2.45E-06
2.121	1.95E-06	2.47E-06
2.122	1.95E-06	2.49E-06
2.123	1.96E-06	2.50E-06
2.124	1.97E-06	2.52E-06
2.125	1.98E-06	2.54E-06
2.126	1.98E-06	2.55E-06
2.127	1.99E-06	2.57E-06
2.128	2.00E-06	2.59E-06
2.129	2.00E-06	2.60E-06
2.13	2.01E-06	2.62E-06
2.131	2.02E-06	2.64E-06
2.132	2.02E-06	2.66E-06
2.133	2.03E-06	2.67E-06
2.134	2.04E-06	2.69E-06
2.135	2.04E-06	2.71E-06
2.136	2.05E-06	2.73E-06
2.137	2.06E-06	2.74E-06
2.138	2.07E-06	2.76E-06
2.139	2.07E-06	2.78E-06
2.14	2.08E-06	2.80E-06
2.141	2.09E-06	2.82E-06
2.142	2.10E-06	2.83E-06
2.143	2.10E-06	2.85E-06
2.144	2.11E-06	2.87E-06
2.145	2.12E-06	2.89E-06
2.146	2.13E-06	2.90E-06
2.147	2.14E-06	2.92E-06
2.148	2.14E-06	2.94E-06
2.149	2.15E-06	2.96E-06
2.15	2.16E-06	2.98E-06
2.151	2.17E-06	2.98E-06
2.152	2.17E-06	2.99E-06
2.153	2.18E-06	2.99E-06
2.154	2.19E-06	3.00E-06
2.155	2.20E-06	3.01E-06
2.156	2.21E-06	3.01E-06
2.157	2.22E-06	3.02E-06
2.158	2.23E-06	3.02E-06
2.159	2.24E-06	3.03E-06
2.16	2.25E-06	3.03E-06
2.161	2.26E-06	3.04E-06
2.162	2.28E-06	3.04E-06
2.163	2.29E-06	3.05E-06
2.164	2.31E-06	3.06E-06
2.165	2.33E-06	3.06E-06
2.166	2.34E-06	3.07E-06
2.167	2.36E-06	3.07E-06
2.168	2.37E-06	3.08E-06
2.169	2.38E-06	3.08E-06
2.17	2.39E-06	3.09E-06
2.171	2.40E-06	3.09E-06
2.172	2.42E-06	3.10E-06
2.173	2.44E-06	3.10E-06
2.174	2.46E-06	3.11E-06
2.175	2.48E-06	3.11E-06
2.176	2.50E-06	3.12E-06
2.177	2.51E-06	3.12E-06
2.178	2.51E-06	3.13E-06
2.179	2.51E-06	3.13E-06
2.18	2.51E-06	3.14E-06
2.181	2.51E-06	3.14E-06
2.182	2.51E-06	3.15E-06
2.183	2.52E-06	3.16E-06
2.184	2.52E-06	3.16E-06
2.185	2.52E-06	3.16E-06
2.186	2.53E-06	3.17E-06
2.187	2.53E-06	3.17E-06
2.188	2.54E-06	3.18E-06
2.189	2.54E-06	3.18E-06
2.19	2.55E-06	3.19E-06
2.191	2.56E-06	3.19E-06
2.192	2.57E-06	3.20E-06
2.193	2.57E-06	3.20E-06
2.194	2.58E-06	3.21E-06
2.195	2.59E-06	3.21E-06
2.196	2.60E-06	3.22E-06
2.197	2.61E-06	3.22E-06
2.198	2.62E-06	3.23E-06
2.199	2.63E-06	3.23E-06
2.2	2.64E-06	3.24E-06
2.201	2.65E-06	3.24E-06
2.202	2.66E-06	3.25E-06
2.203	2.67E-06	3.25E-06
2.204	2.67E-06	3.25E-06
2.205	2.68E-06	3.26E-06
2.206	2.69E-06	3.26E-06
2.207	2.70E-06	3.27E-06
2.208	2.70E-06	3.27E-06
2.209	2.71E-06	3.28E-06
2.21	2.72E-06	3.28E-06
2.211	2.72E-06	3.29E-06
2.212	2.73E-06	3.29E-06
2.213	2.73E-06	3.29E-06
2.214	2.74E-06	3.30E-06
2.215	2.74E-06	3.30E-06
2.216	2.75E-06	3.31E-06
2.217	2.75E-06	3.31E-06
2.218	2.76E-06	3.32E-06
2.219	2.76E-06	3.32E-06
2.22	2.77E-06	3.32E-06
2.221	2.77E-06	3.33E-06
2.222	2.77E-06	3.33E-06
2.223	2.78E-06	3.34E-06
2.224	2.78E-06	3.34E-06
2.225	2.79E-06	3.35E-06
2.226	2.79E-06	3.35E-06
2.227	2.79E-06	3.35E-06
2.228	2.79E-06	3.36E-06
2.229	2.80E-06	3.36E-06
2.23	2.80E-06	3.37E-06
2.231	2.80E-06	3.37E-06
2.232	2.80E-06	3.37E-06
2.233	2.81E-06	3.38E-06
2.234	2.81E-06	3.38E-06
2.235	2.81E-06	3.38E-06
2.236	2.81E-06	3.39E-06
2.237	2.82E-06	3.39E-06
2.238	2.82E-06	3.40E-06
2.239	2.82E-06	3.40E-06
2.24	2.82E-06	3.40E-06
2.241	2.82E-06	3.41E-06
2.242	2.83E-06	3.41E-06
2.243	2.83E-06	3.42E-06
2.244	2.83E-06	3.42E-06
2.245	2.83E-06	3.42E-06
2.246	2.83E-06	3.43E-06
2.247	2.83E-06	3.43E-06
2.248	2.84E-06	3.43E-06
2.249	2.84E-06	3.44E-06
2.25	2.84E-06	3.44E-06
2.251	2.84E-06	3.44E-06
2.252	2.84E-06	3.45E-06
2.253	2.85E-06	3.45E-06
2.254	2.85E-06	3.45E-06
2.255	2.85E-06	3.46E-06
2.256	2.85E-06	3.46E-06
2.257	2.85E-06	3.47E-06
2.258	2.86E-06	3.47E-06
2.259	2.86E-06	3.47E-06
2.26	2.86E-06	3.48E-06
2.261	2.86E-06	3.48E-06
2.262	2.87E-06	3.48E-06
2.263	2.87E-06	3.49E-06
2.264	2.87E-06	3.49E-06
2.265	2.87E-06	3.49E-06
2.266	2.88E-06	3.50E-06
2.267	2.88E-06	3.50E-06
2.268	2.88E-06	3.50E-06
2.269	2.88E-06	3.51E-06
2.27	2.89E-06	3.51E-06
2.271	2.89E-06	3.51E-06
2.272	2.89E-06	3.51E-06
2.273	2.89E-06	3.52E-06
2.274	2.90E-06	3.52E-06
2.275	2.90E-06	3.52E-06
2.276	2.90E-06	3.53E-06
2.277	2.90E-06	3.53E-06
2.278	2.91E-06	3.53E-06
2.279	2.91E-06	3.54E-06
2.28	2.91E-06	3.54E-06
2.281	2.91E-06	3.54E-06
2.282	2.92E-06	3.55E-06
2.283	2.92E-06	3.55E-06
2.284	2.92E-06	3.55E-06
2.285	2.92E-06	3.55E-06
2.286	2.93E-06	3.56E-06
2.287	2.93E-06	3.56E-06
2.288	2.93E-06	3.56E-06
2.289	2.93E-06	3.57E-06
2.29	2.94E-06	3.57E-06
2.291	2.94E-06	3.57E-06
2.292	2.94E-06	3.57E-06
2.293	2.94E-06	3.58E-06
2.294	2.95E-06	3.58E-06
2.295	2.95E-06	3.58E-06
2.296	2.95E-06	3.59E-06
2.297	2.95E-06	3.59E-06
2.298	2.96E-06	3.59E-06
2.299	2.96E-06	3.59E-06
2.3	2.96E-06	3.60E-06
2.301	2.96E-06	3.60E-06
2.302	2.96E-06	3.60E-06
2.303	2.97E-06	3.61E-06
2.304	2.97E-06	3.61E-06
2.305	2.97E-06	3.61E-06
2.306	2.97E-06	3.61E-06
2.307	2.97E-06	3.62E-06
2.308	2.98E-06	3.62E-06
2.309	2.98E-06	3.62E-06
2.31	2.98E-06	3.62E-06
2.311	2.98E-06	3.63E-06
2.312	2.98E-06	3.63E-06
2.313	2.99E-06	3.63E-06
2.314	2.99E-06	3.63E-06
2.315	2.99E-06	3.64E-06
2.316	2.99E-06	3.64E-06
2.317	2.99E-06	3.64E-06
2.318	3.00E-06	3.64E-06
2.319	3.00E-06	3.65E-06
2.32	3.00E-06	3.65E-06
2.321	3.00E-06	3.65E-06
2.322	3.00E-06	3.65E-06
2.323	3.00E-06	3.66E-06
2.324	3.01E-06	3.66E-06
2.325	3.01E-06	3.66E-06
2.326	3.01E-06	3.66E-06
2.327	3.01E-06	3.66E-06
2.328	3.01E-06	3.67E-06
2.329	3.01E-06	3.67E-06
2.33	3.02E-06	3.67E-06
2.331	3.02E-06	3.67E-06
2.332	3.02E-06	3.68E-06
2.333	3.02E-06	3.68E-06
2.334	3.02E-06	3.68E-06
2.335	3.02E-06	3.68E-06
2.336	3.03E-06	3.68E-06
2.337	3.03E-06	3.69E-06
2.338	3.03E-06	3.69E-06
2.339	3.03E-06	3.69E-06
2.34	3.03E-06	3.69E-06
2.341	3.03E-06	3.70E-06
2.342	3.04E-06	3.70E-06
2.343	3.04E-06	3.70E-06
2.344	3.04E-06	3.70E-06
2.345	3.04E-06	3.70E-06
2.346	3.04E-06	3.71E-06
2.347	3.04E-06	3.71E-06
2.348	3.05E-06	3.71E-06
2.349	3.05E-06	3.71E-06
2.35	3.05E-06	3.71E-06
2.351	3.05E-06	3.72E-06
2.352	3.05E-06	3.72E-06
2.353	3.06E-06	3.72E-06
2.354	3.06E-06	3.72E-06
2.355	3.06E-06	3.72E-06
2.356	3.06E-06	3.73E-06
2.357	3.06E-06	3.73E-06
2.358	3.06E-06	3.73E-06
2.359	3.07E-06	3.73E-06
2.36	3.07E-06	3.73E-06
2.361	3.07E-06	3.74E-06
2.362	3.07E-06	3.74E-06
2.363	3.07E-06	3.74E-06
2.364	3.08E-06	3.74E-06
2.365	3.08E-06	3.74E-06
2.366	3.08E-06	3.75E-06
2.367	3.08E-06	3.75E-06
2.368	3.08E-06	3.75E-06
2.369	3.09E-06	3.75E-06
2.37	3.09E-06	3.75E-06
2.371	3.09E-06	3.75E-06
2.372	3.09E-06	3.76E-06
2.373	3.09E-06	3.76E-06
2.374	3.09E-06	3.76E-06
2.375	3.10E-06	3.76E-06
2.376	3.10E-06	3.76E-06
2.377	3.10E-06	3.76E-06
2.378	3.10E-06	3.77E-06
2.379	3.10E-06	3.77E-06
2.38	3.11E-06	3.77E-06
2.381	3.11E-06	3.77E-06
2.382	3.11E-06	3.77E-06
2.383	3.11E-06	3.77E-06
2.384	3.11E-06	3.78E-06
2.385	3.11E-06	3.78E-06
2.386	3.12E-06	3.78E-06
2.387	3.12E-06	3.78E-06
2.388	3.12E-06	3.78E-06
2.389	3.12E-06	3.78E-06
2.39	3.12E-06	3.79E-06
2.391	3.13E-06	3.79E-06
2.392	3.13E-06	3.79E-06
2.393	3.13E-06	3.79E-06
2.394	3.13E-06	3.79E-06
2.395	3.13E-06	3.79E-06
2.396	3.13E-06	3.79E-06
2.397	3.14E-06	3.80E-06
2.398	3.14E-06	3.80E-06
2.399	3.14E-06	3.80E-06
2.4	3.14E-06	3.80E-06
2.401	3.14E-06	3.80E-06
2.402	3.14E-06	3.80E-06
2.403	3.14E-06	3.81E-06
2.404	3.15E-06	3.81E-06
2.405	3.15E-06	3.81E-06
2.406	3.15E-06	3.81E-06
2.407	3.15E-06	3.81E-06
2.408	3.15E-06	3.81E-06
2.409	3.15E-06	3.81E-06
2.41	3.15E-06	3.82E-06
2.411	3.16E-06	3.82E-06
2.412	3.16E-06	3.82E-06
2.413	3.16E-06	3.82E-06
2.414	3.16E-06	3.82E-06
2.415	3.16E-06	3.82E-06
2.416	3.16E-06	3.82E-06
2.417	3.16E-06	3.82E-06
2.418	3.16E-06	3.83E-06
2.419	3.17E-06	3.83E-06
2.42	3.17E-06	3.83E-06
2.421	3.17E-06	3.83E-06
2.422	3.17E-06	3.83E-06
2.423	3.17E-06	3.83E-06
2.424	3.17E-06	3.83E-06
2.425	3.17E-06	3.84E-06
2.426	3.17E-06	3.84E-06
2.427	3.17E-06	3.84E-06
2.428	3.18E-06	3.84E-06
2.429	3.18E-06	3.84E-06
2.43	3.18E-06	3.84E-06
2.431	3.18E-06	3.84E-06
2.432	3.18E-06	3.84E-06
2.433	3.18E-06	3.85E-06
2.434	3.18E-06	3.85E-06
2.435	3.18E-06	3.85E-06
2.436	3.18E-06	3.85E-06
2.437	3.19E-06	3.85E-06
2.438	3.19E-06	3.85E-06
2.439	3.19E-06	3.85E-06
2.44	3.19E-06	3.85E-06
2.441	3.19E-06	3.85E-06
2.442	3.19E-06	3.86E-06
2.443	3.19E-06	3.86E-06
2.444	3.19E-06	3.86E-06
2.445	3.19E-06	3.86E-06
2.446	3.20E-06	3.86E-06
2.447	3.20E-06	3.86E-06
2.448	3.20E-06	3.86E-06
2.449	3.20E-06	3.86E-06
2.45	3.20E-06	3.87E-06
2.451	3.20E-06	3.87E-06
2.452	3.20E-06	3.87E-06
2.453	3.20E-06	3.87E-06
2.454	3.20E-06	3.87E-06
2.455	3.21E-06	3.87E-06
2.456	3.21E-06	3.87E-06
2.457	3.21E-06	3.87E-06
2.458	3.21E-06	3.87E-06
2.459	3.21E-06	3.87E-06
2.46	3.21E-06	3.88E-06
2.461	3.21E-06	3.88E-06
2.462	3.21E-06	3.88E-06
2.463	3.22E-06	3.88E-06
2.464	3.22E-06	3.88E-06
2.465	3.22E-06	3.88E-06
2.466	3.22E-06	3.88E-06
2.467	3.22E-06	3.88E-06
2.468	3.22E-06	3.88E-06
2.469	3.22E-06	3.89E-06
2.47	3.22E-06	3.89E-06
2.471	3.23E-06	3.89E-06
2.472	3.23E-06	3.89E-06
2.473	3.23E-06	3.89E-06
2.474	3.23E-06	3.89E-06
2.475	3.23E-06	3.89E-06
2.476	3.23E-06	3.89E-06
2.477	3.23E-06	3.89E-06
2.478	3.23E-06	3.89E-06
2.479	3.23E-06	3.90E-06
2.48	3.24E-06	3.90E-06
2.481	3.24E-06	3.90E-06
2.482	3.24E-06	3.90E-06
2.483	3.24E-06	3.90E-06
2.484	3.24E-06	3.90E-06
2.485	3.24E-06	3.90E-06
2.486	3.24E-06	3.90E-06
2.487	3.24E-06	3.90E-06
2.488	3.25E-06	3.90E-06
2.489	3.25E-06	3.90E-06
2.49	3.25E-06	3.91E-06
2.491	3.25E-06	3.91E-06
2.492	3.25E-06	3.91E-06
2.493	3.25E-06	3.91E-06
2.494	3.25E-06	3.91E-06
2.495	3.25E-06	3.91E-06
2.496	3.26E-06	3.91E-06
2.497	3.26E-06	3.91E-06
2.498	3.26E-06	3.91E-06
2.499	3.26E-06	3.91E-06
2.5	3.26E-06	3.92E-06
2.501	3.26E-06	3.92E-06
2.502	3.26E-06	3.92E-06
2.503	3.26E-06	3.92E-06
2.504	3.26E-06	3.92E-06
2.505	3.27E-06	3.92E-06
2.506	3.27E-06	3.92E-06
2.507	3.27E-06	3.92E-06
2.508	3.27E-06	3.92E-06
2.509	3.27E-06	3.92E-06
2.51	3.27E-06	3.92E-06
2.511	3.27E-06	3.92E-06
2.512	3.27E-06	3.93E-06
2.513	3.27E-06	3.93E-06
2.514	3.28E-06	3.93E-06
2.515	3.28E-06	3.93E-06
2.516	3.28E-06	3.93E-06
2.517	3.28E-06	3.93E-06
2.518	3.28E-06	3.93E-06
2.519	3.28E-06	3.93E-06
2.52	3.28E-06	3.93E-06
2.521	3.28E-06	3.93E-06
2.522	3.28E-06	3.93E-06
2.523	3.28E-06	3.94E-06
2.524	3.29E-06	3.94E-06
2.525	3.29E-06	3.94E-06
2.526	3.29E-06	3.94E-06
2.527	3.29E-06	3.94E-06
2.528	3.29E-06	3.94E-06
2.529	3.29E-06	3.94E-06
2.53	3.29E-06	3.94E-06
2.531	3.29E-06	3.94E-06
2.532	3.29E-06	3.94E-06
2.533	3.29E-06	3.94E-06
2.534	3.30E-06	3.94E-06
2.535	3.30E-06	3.95E-06
2.536	3.30E-06	3.95E-06
2.537	3.30E-06	3.95E-06
2.538	3.30E-06	3.95E-06
2.539	3.30E-06	3.95E-06
2.54	3.30E-06	3.95E-06
2.541	3.30E-06	3.95E-06
2.542	3.30E-06	3.95E-06
2.543	3.30E-06	3.95E-06
2.544	3.30E-06	3.95E-06
2.545	3.31E-06	3.95E-06
2.546	3.31E-06	3.95E-06
2.547	3.31E-06	3.96E-06
2.548	3.31E-06	3.96E-06
2.549	3.31E-06	3.96E-06
2.55	3.31E-06	3.96E-06
2.551	3.31E-06	3.96E-06
2.552	3.31E-06	3.96E-06
2.553	3.31E-06	3.96E-06
2.554	3.31E-06	3.96E-06
2.555	3.31E-06	3.96E-06
2.556	3.32E-06	3.96E-06
2.557	3.32E-06	3.96E-06
2.558	3.32E-06	3.96E-06
2.559	3.32E-06	3.96E-06
2.56	3.32E-06	3.97E-06
2.561	3.32E-06	3.97E-06
2.562	3.32E-06	3.97E-06
2.563	3.32E-06	3.97E-06
2.564	3.32E-06	3.97E-06
2.565	3.32E-06	3.97E-06
2.566	3.32E-06	3.97E-06
2.567	3.32E-06	3.97E-06
2.568	3.33E-06	3.97E-06
2.569	3.33E-06	3.97E-06
2.57	3.33E-06	3.97E-06
2.571	3.33E-06	3.97E-06
2.572	3.33E-06	3.98E-06
2.573	3.33E-06	3.98E-06
2.574	3.33E-06	3.98E-06
2.575	3.33E-06	3.98E-06
2.576	3.33E-06	3.98E-06
2.577	3.33E-06	3.98E-06
2.578	3.33E-06	3.98E-06
2.579	3.33E-06	3.98E-06
2.58	3.34E-06	3.98E-06
2.581	3.34E-06	3.98E-06
2.582	3.34E-06	3.98E-06
2.583	3.34E-06	3.98E-06
2.584	3.34E-06	3.98E-06
2.585	3.34E-06	3.98E-06
2.586	3.34E-06	3.99E-06
2.587	3.34E-06	3.99E-06
2.588	3.34E-06	3.99E-06
2.589	3.34E-06	3.99E-06
2.59	3.34E-06	3.99E-06
2.591	3.34E-06	3.99E-06
2.592	3.34E-06	3.99E-06
2.593	3.35E-06	3.99E-06
2.594	3.35E-06	3.99E-06
2.595	3.35E-06	3.99E-06
2.596	3.35E-06	3.99E-06
2.597	3.35E-06	3.99E-06
2.598	3.35E-06	3.99E-06
2.599	3.35E-06	3.99E-06
2.6	3.35E-06	4.00E-06
2.601	3.35E-06	4.00E-06
2.602	3.35E-06	4.00E-06
2.603	3.35E-06	4.00E-06
2.604	3.35E-06	4.00E-06
2.605	3.35E-06	4.00E-06
2.606	3.35E-06	4.00E-06
2.607	3.35E-06	4.00E-06
2.608	3.36E-06	4.00E-06
2.609	3.36E-06	4.00E-06
2.61	3.36E-06	4.00E-06
2.611	3.36E-06	4.00E-06
2.612	3.36E-06	4.00E-06
2.613	3.36E-06	4.00E-06
2.614	3.36E-06	4.01E-06
2.615	3.36E-06	4.01E-06
2.616	3.36E-06	4.01E-06
2.617	3.36E-06	4.01E-06
2.618	3.36E-06	4.01E-06
2.619	3.36E-06	4.01E-06
2.62	3.36E-06	4.01E-06
2.621	3.36E-06	4.01E-06
2.622	3.36E-06	4.01E-06
2.623	3.36E-06	4.01E-06
2.624	3.37E-06	4.01E-06
2.625	3.37E-06	4.01E-06
2.626	3.37E-06	4.01E-06
2.627	3.37E-06	4.01E-06
2.628	3.37E-06	4.01E-06
2.629	3.37E-06	4.02E-06
2.63	3.37E-06	4.02E-06
2.631	3.37E-06	4.02E-06
2.632	3.37E-06	4.02E-06
2.633	3.37E-06	4.02E-06
2.634	3.37E-06	4.02E-06
2.635	3.37E-06	4.02E-06
2.636	3.37E-06	4.02E-06
2.637	3.37E-06	4.02E-06
2.638	3.37E-06	4.02E-06
2.639	3.37E-06	4.02E-06
2.64	3.37E-06	4.02E-06
2.641	3.37E-06	4.02E-06
2.642	3.38E-06	4.02E-06
2.643	3.38E-06	4.02E-06
2.644	3.38E-06	4.03E-06
2.645	3.38E-06	4.03E-06
2.646	3.38E-06	4.03E-06
2.647	3.38E-06	4.03E-06
2.648	3.38E-06	4.03E-06
2.649	3.38E-06	4.03E-06
2.65	3.38E-06	4.03E-06
2.651	3.38E-06	4.03E-06
2.652	3.38E-06	4.03E-06
2.653	3.38E-06	4.03E-06
2.654	3.38E-06	4.03E-06
2.655	3.38E-06	4.03E-06
2.656	3.38E-06	4.03E-06
2.657	3.38E-06	4.03E-06
2.658	3.38E-06	4.03E-06
2.659	3.39E-06	4.04E-06
2.66	3.39E-06	4.04E-06
2.661	3.39E-06	4.04E-06
2.662	3.39E-06	4.04E-06
2.663	3.39E-06	4.04E-06
2.664	3.39E-06	4.04E-06
2.665	3.39E-06	4.04E-06
2.666	3.39E-06	4.04E-06
2.667	3.39E-06	4.04E-06
2.668	3.39E-06	4.04E-06
2.669	3.39E-06	4.04E-06
2.67	3.39E-06	4.04E-06
2.671	3.39E-06	4.04E-06
2.672	3.39E-06	4.04E-06
2.673	3.39E-06	4.04E-06
2.674	3.39E-06	4.04E-06
2.675	3.39E-06	4.05E-06
2.676	3.40E-06	4.05E-06
2.677	3.40E-06	4.05E-06
2.678	3.40E-06	4.05E-06
2.679	3.40E-06	4.05E-06
2.68	3.40E-06	4.05E-06
2.681	3.40E-06	4.05E-06
2.682	3.40E-06	4.05E-06
2.683	3.40E-06	4.05E-06
2.684	3.40E-06	4.05E-06
2.685	3.40E-06	4.05E-06
2.686	3.40E-06	4.05E-06
2.687	3.40E-06	4.05E-06
2.688	3.40E-06	4.05E-06
2.689	3.40E-06	4.05E-06
2.69	3.40E-06	4.05E-06
2.691	3.40E-06	4.05E-06
2.692	3.40E-06	4.06E-06
2.693	3.41E-06	4.06E-06
2.694	3.41E-06	4.06E-06
2.695	3.41E-06	4.06E-06
2.696	3.41E-06	4.06E-06
2.697	3.41E-06	4.06E-06
2.698	3.41E-06	4.06E-06
2.699	3.41E-06	4.06E-06
2.7	3.41E-06	4.06E-06
2.701	3.41E-06	4.06E-06
2.702	3.41E-06	4.06E-06
2.703	3.41E-06	4.06E-06
2.704	3.41E-06	4.06E-06
2.705	3.41E-06	4.06E-06
2.706	3.41E-06	4.06E-06
2.707	3.41E-06	4.06E-06
2.708	3.42E-06	4.06E-06
2.709	3.42E-06	4.07E-06
2.71	3.42E-06	4.07E-06
2.711	3.42E-06	4.07E-06
2.712	3.42E-06	4.07E-06
2.713	3.42E-06	4.07E-06
2.714	3.42E-06	4.07E-06
2.715	3.42E-06	4.07E-06
2.716	3.42E-06	4.07E-06
2.717	3.42E-06	4.07E-06
2.718	3.42E-06	4.07E-06
2.719	3.42E-06	4.07E-06
2.72	3.42E-06	4.07E-06
2.721	3.42E-06	4.07E-06
2.722	3.42E-06	4.07E-06
2.723	3.42E-06	4.07E-06
2.724	3.43E-06	4.07E-06
2.725	3.43E-06	4.07E-06
2.726	3.43E-06	4.07E-06
2.727	3.43E-06	4.08E-06
2.728	3.43E-06	4.08E-06
2.729	3.43E-06	4.08E-06
2.73	3.43E-06	4.08E-06
2.731	3.43E-06	4.08E-06
2.732	3.43E-06	4.08E-06
2.733	3.43E-06	4.08E-06
2.734	3.43E-06	4.08E-06
2.735	3.43E-06	4.08E-06
2.736	3.43E-06	4.08E-06
2.737	3.43E-06	4.08E-06
2.738	3.43E-06	4.08E-06
2.739	3.43E-06	4.08E-06
2.74	3.43E-06	4.08E-06
2.741	3.44E-06	4.08E-06
2.742	3.44E-06	4.08E-06
2.743	3.44E-06	4.08E-06
2.744	3.44E-06	4.08E-06
2.745	3.44E-06	4.09E-06
2.746	3.44E-06	4.09E-06
2.747	3.44E-06	4.09E-06
2.748	3.44E-06	4.09E-06
2.749	3.44E-06	4.09E-06
2.75	3.44E-06	4.09E-06
2.751	3.44E-06	4.09E-06
2.752	3.44E-06	4.09E-06
2.753	3.44E-06	4.09E-06
2.754	3.44E-06	4.09E-06
2.755	3.44E-06	4.09E-06
2.756	3.44E-06	4.09E-06
2.757	3.44E-06	4.09E-06
2.758	3.44E-06	4.09E-06
2.759	3.44E-06	4.09E-06
2.76	3.44E-06	4.09E-06
2.761	3.44E-06	4.09E-06
2.762	3.45E-06	4.09E-06
2.763	3.45E-06	4.10E-06
2.764	3.45E-06	4.10E-06
2.765	3.45E-06	4.10E-06
2.766	3.45E-06	4.10E-06
2.767	3.45E-06	4.10E-06
2.768	3.45E-06	4.10E-06
2.769	3.45E-06	4.10E-06
2.77	3.45E-06	4.10E-06
2.771	3.45E-06	4.10E-06
2.772	3.45E-06	4.10E-06
2.773	3.45E-06	4.10E-06
2.774	3.45E-06	4.10E-06
2.775	3.45E-06	4.10E-06
2.776	3.45E-06	4.10E-06
2.777	3.45E-06	4.10E-06
2.778	3.45E-06	4.10E-06
2.779	3.45E-06	4.10E-06
2.78	3.45E-06	4.10E-06
2.781	3.45E-06	4.10E-06
2.782	3.45E-06	4.10E-06
2.783	3.45E-06	4.11E-06
2.784	3.45E-06	4.11E-06
2.785	3.45E-06	4.11E-06
2.786	3.45E-06	4.11E-06
2.787	3.45E-06	4.11E-06
2.788	3.46E-06	4.11E-06
2.789	3.46E-06	4.11E-06
2.79	3.46E-06	4.11E-06
2.791	3.46E-06	4.11E-06
2.792	3.46E-06	4.11E-06
2.793	3.46E-06	4.11E-06
2.794	3.46E-06	4.11E-06
2.795	3.46E-06	4.11E-06
2.796	3.46E-06	4.11E-06
2.797	3.46E-06	4.11E-06
2.798	3.46E-06	4.11E-06
2.799	3.46E-06	4.11E-06
2.8	3.46E-06	4.11E-06
2.801	3.46E-06	4.11E-06
2.802	3.46E-06	4.11E-06
2.803	3.46E-06	4.12E-06
2.804	3.46E-06	4.12E-06
2.805	3.46E-06	4.12E-06
2.806	3.46E-06	4.12E-06
2.807	3.46E-06	4.12E-06
2.808	3.46E-06	4.12E-06
2.809	3.46E-06	4.12E-06
2.81	3.46E-06	4.12E-06
2.811	3.46E-06	4.12E-06
2.812	3.47E-06	4.12E-06
2.813	3.47E-06	4.12E-06
2.814	3.47E-06	4.12E-06
2.815	3.47E-06	4.12E-06
2.816	3.47E-06	4.12E-06
2.817	3.47E-06	4.12E-06
2.818	3.47E-06	4.12E-06
2.819	3.47E-06	4.12E-06
2.82	3.47E-06	4.12E-06
2.821	3.47E-06	4.12E-06
2.822	3.47E-06	4.12E-06
2.823	3.47E-06	4.12E-06
2.824	3.47E-06	4.13E-06
2.825	3.47E-06	4.13E-06
2.826	3.47E-06	4.13E-06
2.827	3.47E-06	4.13E-06
2.828	3.47E-06	4.13E-06
2.829	3.47E-06	4.13E-06
2.83	3.47E-06	4.13E-06
2.831	3.47E-06	4.13E-06
2.832	3.47E-06	4.13E-06
2.833	3.47E-06	4.13E-06
2.834	3.47E-06	4.13E-06
2.835	3.47E-06	4.13E-06
2.836	3.48E-06	4.13E-06
2.837	3.48E-06	4.13E-06
2.838	3.48E-06	4.13E-06
2.839	3.48E-06	4.13E-06
2.84	3.48E-06	4.13E-06
2.841	3.48E-06	4.13E-06
2.842	3.48E-06	4.13E-06
2.843	3.48E-06	4.13E-06
2.844	3.48E-06	4.13E-06
2.845	3.48E-06	4.13E-06
2.846	3.48E-06	4.14E-06
2.847	3.48E-06	4.14E-06
2.848	3.48E-06	4.14E-06
2.849	3.48E-06	4.14E-06
2.85	3.48E-06	4.14E-06
2.851	3.48E-06	4.14E-06
2.852	3.48E-06	4.14E-06
2.853	3.48E-06	4.14E-06
2.854	3.48E-06	4.14E-06
2.855	3.48E-06	4.14E-06
2.856	3.48E-06	4.14E-06
2.857	3.48E-06	4.14E-06
2.858	3.48E-06	4.14E-06
2.859	3.48E-06	4.14E-06
2.86	3.48E-06	4.14E-06
2.861	3.48E-06	4.14E-06
2.862	3.48E-06	4.14E-06
2.863	3.48E-06	4.14E-06
2.864	3.48E-06	4.14E-06
2.865	3.48E-06	4.14E-06
2.866	3.48E-06	4.14E-06
2.867	3.48E-06	4.14E-06
2.868	3.48E-06	4.14E-06
2.869	3.48E-06	4.15E-06
2.87	3.48E-06	4.15E-06
2.871	3.48E-06	4.15E-06
2.872	3.48E-06	4.15E-06
2.873	3.48E-06	4.15E-06
2.874	3.48E-06	4.15E-06
2.875	3.48E-06	4.15E-06
2.876	3.49E-06	4.15E-06
2.877	3.49E-06	4.15E-06
2.878	3.49E-06	4.15E-06
2.879	3.49E-06	4.15E-06
2.88	3.49E-06	4.15E-06
2.881	3.49E-06	4.15E-06
2.882	3.49E-06	4.15E-06
2.883	3.49E-06	4.15E-06
2.884	3.49E-06	4.15E-06
2.885	3.49E-06	4.15E-06
2.886	3.49E-06	4.15E-06
2.887	3.49E-06	4.15E-06
2.888	3.49E-06	4.15E-06
2.889	3.49E-06	4.15E-06
2.89	3.49E-06	4.15E-06
2.891	3.49E-06	4.15E-06
2.892	3.49E-06	4.15E-06
2.893	3.49E-06	4.15E-06
2.894	3.49E-06	4.15E-06
2.895	3.49E-06	4.16E-06
2.896	3.49E-06	4.16E-06
2.897	3.49E-06	4.16E-06
2.898	3.49E-06	4.16E-06
2.899	3.49E-06	4.16E-06
2.9	3.49E-06	4.16E-06
2.901	3.49E-06	4.16E-06
2.902	3.49E-06	4.16E-06
2.903	3.49E-06	4.16E-06
2.904	3.49E-06	4.16E-06
2.905	3.49E-06	4.16E-06
2.906	3.49E-06	4.16E-06
2.907	3.49E-06	4.16E-06
2.908	3.49E-06	4.16E-06
2.909	3.49E-06	4.16E-06
2.91	3.49E-06	4.16E-06
2.911	3.49E-06	4.16E-06
2.912	3.49E-06	4.16E-06
2.913	3.49E-06	4.16E-06
2.914	3.49E-06	4.16E-06
2.915	3.50E-06	4.16E-06
2.916	3.50E-06	4.16E-06
2.917	3.50E-06	4.16E-06
2.918	3.50E-06	4.16E-06
2.919	3.50E-06	4.16E-06
2.92	3.50E-06	4.16E-06
2.921	3.50E-06	4.16E-06
2.922	3.50E-06	4.17E-06
2.923	3.50E-06	4.17E-06
2.924	3.50E-06	4.17E-06
2.925	3.50E-06	4.17E-06
2.926	3.50E-06	4.17E-06
2.927	3.50E-06	4.17E-06
2.928	3.50E-06	4.17E-06
2.929	3.50E-06	4.17E-06
2.93	3.50E-06	4.17E-06
2.931	3.50E-06	4.17E-06
2.932	3.50E-06	4.17E-06
2.933	3.50E-06	4.17E-06
2.934	3.50E-06	4.17E-06
2.935	3.50E-06	4.17E-06
2.936	3.50E-06	4.17E-06
2.937	3.50E-06	4.17E-06
2.938	3.51E-06	4.17E-06
2.939	3.51E-06	4.17E-06
2.94	3.51E-06	4.17E-06
2.941	3.51E-06	4.17E-06
2.942	3.51E-06	4.17E-06
2.943	3.51E-06	4.17E-06
2.944	3.51E-06	4.17E-06
2.945	3.51E-06	4.17E-06
2.946	3.51E-06	4.17E-06
2.947	3.51E-06	4.17E-06
2.948	3.51E-06	4.17E-06
2.949	3.51E-06	4.17E-06
2.95	3.51E-06	4.17E-06
2.951	3.51E-06	4.18E-06
2.952	3.51E-06	4.18E-06
2.953	3.51E-06	4.18E-06
2.954	3.51E-06	4.18E-06
2.955	3.51E-06	4.18E-06
2.956	3.51E-06	4.18E-06
2.957	3.51E-06	4.18E-06
2.958	3.51E-06	4.18E-06
2.959	3.51E-06	4.18E-06
2.96	3.51E-06	4.18E-06
2.961	3.51E-06	4.18E-06
2.962	3.51E-06	4.18E-06
2.963	3.51E-06	4.18E-06
2.964	3.51E-06	4.18E-06
2.965	3.51E-06	4.18E-06
2.966	3.52E-06	4.18E-06
2.967	3.52E-06	4.18E-06
2.968	3.52E-06	4.18E-06
2.969	3.52E-06	4.18E-06
2.97	3.52E-06	4.18E-06
2.971	3.52E-06	4.18E-06
2.972	3.52E-06	4.18E-06
2.973	3.52E-06	4.18E-06
2.974	3.52E-06	4.18E-06
2.975	3.52E-06	4.18E-06
2.976	3.52E-06	4.18E-06
2.977	3.52E-06	4.18E-06
2.978	3.52E-06	4.18E-06
2.979	3.52E-06	4.18E-06
2.98	3.52E-06	4.18E-06
2.981	3.52E-06	4.18E-06
2.982	3.52E-06	4.18E-06
2.983	3.52E-06	4.18E-06
2.984	3.52E-06	4.18E-06
2.985	3.52E-06	4.19E-06
2.986	3.52E-06	4.19E-06
2.987	3.52E-06	4.19E-06
2.988	3.52E-06	4.19E-06
2.989	3.52E-06	4.19E-06
2.99	3.52E-06	4.19E-06
2.991	3.52E-06	4.19E-06
2.992	3.52E-06	4.19E-06
2.993	3.52E-06	4.19E-06
2.994	3.52E-06	4.19E-06
2.995	3.52E-06	4.19E-06
2.996	3.52E-06	4.19E-06
2.997	3.52E-06	4.19E-06
2.998	3.52E-06	4.19E-06
2.999	3.52E-06	4.19E-06
3	3.52E-06	4.19E-06
3.001	3.52E-06	4.19E-06
3.002	3.52E-06	4.19E-06
3.003	3.52E-06	4.19E-06
3.004	3.52E-06	4.19E-06
3.005	3.52E-06	4.19E-06
3.006	3.52E-06	4.19E-06
3.007	3.52E-06	4.19E-06
3.008	3.52E-06	4.19E-06
3.009	3.52E-06	4.19E-06
3.01	3.52E-06	4.19E-06
3.011	3.52E-06	4.19E-06
3.012	3.52E-06	4.19E-06
3.013	3.52E-06	4.19E-06
3.014	3.52E-06	4.19E-06
3.015	3.52E-06	4.19E-06
3.016	3.52E-06	4.19E-06
3.017	3.52E-06	4.19E-06
3.018	3.52E-06	4.19E-06
3.019	3.52E-06	4.19E-06
3.02	3.52E-06	4.19E-06
3.021	3.52E-06	4.19E-06
3.022	3.52E-06	4.19E-06
3.023	3.52E-06	4.19E-06
3.024	3.52E-06	4.19E-06
3.025	3.52E-06	4.19E-06
3.026	3.52E-06	4.20E-06
3.027	3.52E-06	4.20E-06
3.028	3.52E-06	4.20E-06
3.029	3.52E-06	4.20E-06
3.03	3.52E-06	4.20E-06
3.031	3.52E-06	4.20E-06
3.032	3.52E-06	4.20E-06
3.033	3.52E-06	4.20E-06
3.034	3.52E-06	4.20E-06
3.035	3.52E-06	4.20E-06
3.036	3.52E-06	4.20E-06
3.037	3.52E-06	4.20E-06
3.038	3.52E-06	4.20E-06
3.039	3.52E-06	4.20E-06
3.04	3.52E-06	4.20E-06
3.041	3.52E-06	4.20E-06
3.042	3.52E-06	4.20E-06
3.043	3.52E-06	4.20E-06
3.044	3.52E-06	4.20E-06
3.045	3.52E-06	4.20E-06
3.046	3.52E-06	4.20E-06
3.047	3.52E-06	4.20E-06
3.048	3.52E-06	4.20E-06
3.049	3.52E-06	4.20E-06
3.05	3.52E-06	4.20E-06
3.051	3.52E-06	4.20E-06
3.052	3.52E-06	4.20E-06
3.053	3.52E-06	4.20E-06
3.054	3.52E-06	4.20E-06
3.055	3.52E-06	4.20E-06
3.056	3.52E-06	4.20E-06
3.057	3.52E-06	4.20E-06
3.058	3.52E-06	4.20E-06
3.059	3.52E-06	4.20E-06
3.06	3.52E-06	4.20E-06
3.061	3.52E-06	4.20E-06
3.062	3.52E-06	4.20E-06
3.063	3.52E-06	4.20E-06
3.064	3.52E-06	4.20E-06
3.065	3.52E-06	4.20E-06
3.066	3.52E-06	4.20E-06
3.067	3.52E-06	4.20E-06
3.068	3.52E-06	4.20E-06
3.069	3.52E-06	4.20E-06
3.07	3.52E-06	4.20E-06
3.071	3.52E-06	4.20E-06
3.072	3.52E-06	4.20E-06
3.073	3.52E-06	4.20E-06
3.074	3.52E-06	4.20E-06
3.075	3.52E-06	4.20E-06
3.076	3.53E-06	4.20E-06
3.077	3.53E-06	4.20E-06
3.078	3.53E-06	4.20E-06
3.079	3.53E-06	4.20E-06
3.08	3.53E-06	4.21E-06
3.081	3.53E-06	4.21E-06
3.082	3.53E-06	4.21E-06
3.083	3.53E-06	4.21E-06
3.084	3.53E-06	4.21E-06
3.085	3.53E-06	4.21E-06
3.086	3.53E-06	4.21E-06
3.087	3.53E-06	4.21E-06
3.088	3.53E-06	4.21E-06
3.089	3.53E-06	4.21E-06
3.09	3.53E-06	4.21E-06
3.091	3.53E-06	4.21E-06
3.092	3.53E-06	4.21E-06
3.093	3.53E-06	4.21E-06
3.094	3.53E-06	4.21E-06
3.095	3.53E-06	4.21E-06
3.096	3.53E-06	4.21E-06
3.097	3.53E-06	4.21E-06
3.098	3.53E-06	4.21E-06
3.099	3.53E-06	4.21E-06
3.1	3.53E-06	4.21E-06
3.101	3.53E-06	4.21E-06
3.102	3.53E-06	4.21E-06
3.103	3.53E-06	4.21E-06
3.104	3.53E-06	4.21E-06
3.105	3.53E-06	4.21E-06
3.106	3.53E-06	4.21E-06
3.107	3.53E-06	4.21E-06
3.108	3.53E-06	4.21E-06
3.109	3.53E-06	4.21E-06
3.11	3.53E-06	4.21E-06
3.111	3.53E-06	4.21E-06
3.112	3.53E-06	4.21E-06
3.113	3.53E-06	4.21E-06
3.114	3.53E-06	4.21E-06
3.115	3.53E-06	4.21E-06
3.116	3.53E-06	4.21E-06
3.117	3.53E-06	4.21E-06
3.118	3.53E-06	4.21E-06
3.119	3.53E-06	4.21E-06
3.12	3.53E-06	4.21E-06
3.121	3.53E-06	4.21E-06
3.122	3.53E-06	4.21E-06
3.123	3.53E-06	4.21E-06
3.124	3.53E-06	4.21E-06
3.125	3.53E-06	4.21E-06
3.126	3.53E-06	4.21E-06
3.127	3.53E-06	4.21E-06
3.128	3.53E-06	4.21E-06
3.129	3.53E-06	4.21E-06
3.13	3.53E-06	4.21E-06
3.131	3.53E-06	4.21E-06
3.132	3.53E-06	4.21E-06
3.133	3.53E-06	4.21E-06
3.134	3.53E-06	4.21E-06
3.135	3.53E-06	4.21E-06
3.136	3.53E-06	4.21E-06
3.137	3.53E-06	4.21E-06
3.138	3.53E-06	4.21E-06
3.139	3.53E-06	4.21E-06
3.14	3.53E-06	4.21E-06
3.141	3.53E-06	4.21E-06
3.142	3.53E-06	4.21E-06
3.143	3.53E-06	4.21E-06
3.144	3.53E-06	4.21E-06
3.145	3.53E-06	4.21E-06
3.146	3.53E-06	4.21E-06
3.147	3.53E-06	4.21E-06
3.148	3.53E-06	4.21E-06
3.149	3.53E-06	4.21E-06
3.15	3.53E-06	4.21E-06
3.151	3.53E-06	4.21E-06
3.152	3.53E-06	4.21E-06
3.153	3.53E-06	4.21E-06
3.154	3.53E-06	4.21E-06
3.155	3.53E-06	4.21E-06
3.156	3.53E-06	4.21E-06
3.157	3.53E-06	4.21E-06
3.158	3.53E-06	4.21E-06
3.159	3.53E-06	4.21E-06
3.16	3.53E-06	4.21E-06
3.161	3.53E-06	4.21E-06
3.162	3.53E-06	4.21E-06
3.163	3.53E-06	4.21E-06
3.164	3.53E-06	4.21E-06
3.165	3.53E-06	4.21E-06
3.166	3.53E-06	4.21E-06
3.167	3.53E-06	4.21E-06
3.168	3.53E-06	4.21E-06
3.169	3.53E-06	4.21E-06
3.17	3.53E-06	4.21E-06
3.171	3.53E-06	4.21E-06
3.172	3.53E-06	4.21E-06
3.173	3.53E-06	4.21E-06
3.174	3.53E-06	4.21E-06
3.175	3.53E-06	4.21E-06
3.176	3.53E-06	4.21E-06
3.177	3.53E-06	4.21E-06
3.178	3.53E-06	4.21E-06
3.179	3.53E-06	4.21E-06
3.18	3.53E-06	4.21E-06
3.181	3.53E-06	4.21E-06
3.182	3.53E-06	4.21E-06
3.183	3.53E-06	4.21E-06
3.184	3.53E-06	4.21E-06
3.185	3.53E-06	4.21E-06
3.186	3.53E-06	4.21E-06
3.187	3.53E-06	4.21E-06
3.188	3.53E-06	4.21E-06
3.189	3.53E-06	4.21E-06
3.19	3.53E-06	4.21E-06
3.191	3.53E-06	4.21E-06
3.192	3.53E-06	4.21E-06
3.193	3.53E-06	4.21E-06
3.194	3.53E-06	4.21E-06
3.195	3.53E-06	4.21E-06
3.196	3.53E-06	4.21E-06
3.197	3.53E-06	4.21E-06
3.198	3.53E-06	4.21E-06
3.199	3.53E-06	4.21E-06
3.2	3.53E-06	4.21E-06
3.201	3.53E-06	4.21E-06
3.202	3.53E-06	4.21E-06
3.203	3.53E-06	4.21E-06
3.204	3.53E-06	4.21E-06
3.205	3.53E-06	4.21E-06
3.206	3.53E-06	4.21E-06
3.207	3.53E-06	4.21E-06
3.208	3.53E-06	4.21E-06
3.209	3.53E-06	4.21E-06
3.21	3.53E-06	4.21E-06
3.211	3.53E-06	4.21E-06
3.212	3.53E-06	4.21E-06
3.213	3.53E-06	4.21E-06
3.214	3.53E-06	4.21E-06
3.215	3.53E-06	4.21E-06
3.216	3.53E-06	4.21E-06
3.217	3.53E-06	4.21E-06
3.218	3.53E-06	4.21E-06
3.219	3.53E-06	4.21E-06
3.22	3.53E-06	4.21E-06
3.221	3.53E-06	4.21E-06
3.222	3.53E-06	4.21E-06
3.223	3.53E-06	4.21E-06
3.224	3.53E-06	4.21E-06
3.225	3.53E-06	4.21E-06
3.226	3.53E-06	4.21E-06
3.227	3.53E-06	4.21E-06
3.228	3.53E-06	4.21E-06
3.229	3.53E-06	4.21E-06
3.23	3.53E-06	4.21E-06
3.231	3.53E-06	4.21E-06
3.232	3.53E-06	4.21E-06
3.233	3.53E-06	4.21E-06
3.234	3.53E-06	4.21E-06
3.235	3.53E-06	4.21E-06
3.236	3.53E-06	4.21E-06
3.237	3.53E-06	4.21E-06
3.238	3.53E-06	4.21E-06
3.239	3.53E-06	4.21E-06
3.24	3.53E-06	4.21E-06
3.241	3.53E-06	4.21E-06
3.242	3.53E-06	4.21E-06
3.243	3.53E-06	4.21E-06
3.244	3.53E-06	4.21E-06
3.245	3.53E-06	4.21E-06
3.246	3.53E-06	4.21E-06
3.247	3.53E-06	4.21E-06
3.248	3.53E-06	4.21E-06
3.249	3.53E-06	4.21E-06
3.25	3.53E-06	4.21E-06
3.251	3.53E-06	4.21E-06
3.252	3.53E-06	4.21E-06
3.253	3.53E-06	4.21E-06
3.254	3.53E-06	4.21E-06
3.255	3.53E-06	4.21E-06
3.256	3.53E-06	4.21E-06
3.257	3.53E-06	4.21E-06
3.258	3.53E-06	4.21E-06
3.259	3.53E-06	4.21E-06
3.26	3.53E-06	4.21E-06
3.261	3.53E-06	4.21E-06
3.262	3.53E-06	4.21E-06
3.263	3.53E-06	4.21E-06
3.264	3.53E-06	4.21E-06
3.265	3.53E-06	4.21E-06
3.266	3.53E-06	4.21E-06
3.267	3.53E-06	4.21E-06
3.268	3.53E-06	4.21E-06
3.269	3.53E-06	4.21E-06
3.27	3.53E-06	4.21E-06
3.271	3.53E-06	4.21E-06
3.272	3.53E-06	4.21E-06
3.273	3.53E-06	4.21E-06
3.274	3.53E-06	4.21E-06
3.275	3.53E-06	4.21E-06
3.276	3.53E-06	4.21E-06
3.277	3.53E-06	4.20E-06
3.278	3.53E-06	4.20E-06
3.279	3.53E-06	4.20E-06
3.28	3.53E-06	4.20E-06
3.281	3.53E-06	4.20E-06
3.282	3.53E-06	4.20E-06
3.283	3.53E-06	4.20E-06
3.284	3.53E-06	4.20E-06
3.285	3.53E-06	4.20E-06
3.286	3.53E-06	4.20E-06
3.287	3.53E-06	4.20E-06
3.288	3.53E-06	4.20E-06
3.289	3.53E-06	4.20E-06
3.29	3.53E-06	4.20E-06
3.291	3.53E-06	4.20E-06
3.292	3.53E-06	4.20E-06
3.293	3.53E-06	4.20E-06
3.294	3.53E-06	4.20E-06
3.295	3.53E-06	4.20E-06
3.296	3.53E-06	4.20E-06
3.297	3.53E-06	4.20E-06
3.298	3.53E-06	4.20E-06
3.299	3.53E-06	4.20E-06
3.3	3.53E-06	4.20E-06
3.301	3.53E-06	4.20E-06
3.302	3.53E-06	4.20E-06
3.303	3.53E-06	4.20E-06
3.304	3.53E-06	4.20E-06
3.305	3.53E-06	4.20E-06
3.306	3.53E-06	4.20E-06
3.307	3.53E-06	4.20E-06
3.308	3.53E-06	4.20E-06
3.309	3.53E-06	4.20E-06
3.31	3.53E-06	4.20E-06
3.311	3.53E-06	4.20E-06
3.312	3.53E-06	4.20E-06
3.313	3.53E-06	4.20E-06
3.314	3.53E-06	4.20E-06
3.315	3.53E-06	4.20E-06
3.316	3.53E-06	4.20E-06
3.317	3.53E-06	4.20E-06
3.318	3.53E-06	4.20E-06
3.319	3.53E-06	4.20E-06
3.32	3.53E-06	4.20E-06
3.321	3.53E-06	4.20E-06
3.322	3.53E-06	4.20E-06
3.323	3.53E-06	4.20E-06
3.324	3.53E-06	4.20E-06
3.325	3.53E-06	4.20E-06
3.326	3.53E-06	4.20E-06
3.327	3.53E-06	4.20E-06
3.328	3.53E-06	4.20E-06
3.329	3.53E-06	4.20E-06
3.33	3.53E-06	4.19E-06
3.331	3.53E-06	4.19E-06
3.332	3.53E-06	4.19E-06
3.333	3.53E-06	4.19E-06
3.334	3.53E-06	4.19E-06
3.335	3.53E-06	4.19E-06
3.336	3.53E-06	4.19E-06
3.337	3.53E-06	4.19E-06
3.338	3.53E-06	4.19E-06
3.339	3.53E-06	4.19E-06
3.34	3.53E-06	4.19E-06
3.341	3.53E-06	4.19E-06
3.342	3.53E-06	4.19E-06
3.343	3.53E-06	4.19E-06
3.344	3.53E-06	4.19E-06
3.345	3.53E-06	4.19E-06
3.346	3.53E-06	4.19E-06
3.347	3.53E-06	4.19E-06
3.348	3.53E-06	4.19E-06
3.349	3.53E-06	4.19E-06
3.35	3.53E-06	4.19E-06
3.351	3.53E-06	4.19E-06
3.352	3.53E-06	4.19E-06
3.353	3.53E-06	4.19E-06
3.354	3.53E-06	4.19E-06
3.355	3.53E-06	4.19E-06
3.356	3.53E-06	4.19E-06
3.357	3.53E-06	4.19E-06
3.358	3.53E-06	4.19E-06
3.359	3.53E-06	4.19E-06
3.36	3.53E-06	4.19E-06
3.361	3.53E-06	4.19E-06
3.362	3.53E-06	4.19E-06
3.363	3.53E-06	4.19E-06
3.364	3.53E-06	4.19E-06
3.365	3.53E-06	4.19E-06
3.366	3.53E-06	4.19E-06
3.367	3.53E-06	4.19E-06
3.368	3.53E-06	4.19E-06
3.369	3.53E-06	4.18E-06
3.37	3.53E-06	4.18E-06
3.371	3.53E-06	4.18E-06
3.372	3.53E-06	4.18E-06
3.373	3.53E-06	4.18E-06
3.374	3.53E-06	4.18E-06
3.375	3.52E-06	4.18E-06
3.376	3.52E-06	4.18E-06
3.377	3.52E-06	4.18E-06
3.378	3.52E-06	4.18E-06
3.379	3.52E-06	4.18E-06
3.38	3.52E-06	4.18E-06
3.381	3.52E-06	4.18E-06
3.382	3.52E-06	4.18E-06
3.383	3.52E-06	4.18E-06
3.384	3.52E-06	4.18E-06
3.385	3.52E-06	4.18E-06
3.386	3.52E-06	4.18E-06
3.387	3.52E-06	4.18E-06
3.388	3.52E-06	4.18E-06
3.389	3.52E-06	4.18E-06
3.39	3.52E-06	4.18E-06
3.391	3.52E-06	4.18E-06
3.392	3.52E-06	4.18E-06
3.393	3.52E-06	4.18E-06
3.394	3.52E-06	4.18E-06
3.395	3.52E-06	4.18E-06
3.396	3.52E-06	4.18E-06
3.397	3.52E-06	4.18E-06
3.398	3.52E-06	4.18E-06
3.399	3.52E-06	4.18E-06
3.4	3.52E-06	4.18E-06
3.401	3.52E-06	4.18E-06
3.402	3.52E-06	4.17E-06
3.403	3.52E-06	4.17E-06
3.404	3.52E-06	4.17E-06
3.405	3.52E-06	4.17E-06
3.406	3.52E-06	4.17E-06
3.407	3.52E-06	4.17E-06
3.408	3.52E-06	4.17E-06
3.409	3.52E-06	4.17E-06
3.41	3.52E-06	4.17E-06
3.411	3.52E-06	4.17E-06
3.412	3.52E-06	4.17E-06
3.413	3.52E-06	4.17E-06
3.414	3.52E-06	4.17E-06
3.415	3.52E-06	4.17E-06
3.416	3.52E-06	4.17E-06
3.417	3.52E-06	4.17E-06
3.418	3.52E-06	4.17E-06
3.419	3.52E-06	4.17E-06
3.42	3.52E-06	4.17E-06
3.421	3.52E-06	4.17E-06
3.422	3.52E-06	4.17E-06
3.423	3.52E-06	4.17E-06
3.424	3.52E-06	4.17E-06
3.425	3.52E-06	4.17E-06
3.426	3.52E-06	4.17E-06
3.427	3.52E-06	4.17E-06
3.428	3.52E-06	4.17E-06
3.429	3.52E-06	4.17E-06
3.43	3.52E-06	4.17E-06
3.431	3.52E-06	4.16E-06
3.432	3.52E-06	4.16E-06
3.433	3.52E-06	4.16E-06
3.434	3.52E-06	4.16E-06
3.435	3.52E-06	4.16E-06
3.436	3.52E-06	4.16E-06
3.437	3.52E-06	4.16E-06
3.438	3.52E-06	4.16E-06
3.439	3.52E-06	4.16E-06
3.44	3.52E-06	4.16E-06
3.441	3.52E-06	4.16E-06
3.442	3.52E-06	4.16E-06
3.443	3.52E-06	4.16E-06
3.444	3.52E-06	4.16E-06
3.445	3.52E-06	4.16E-06
3.446	3.52E-06	4.16E-06
3.447	3.52E-06	4.16E-06
3.448	3.52E-06	4.16E-06
3.449	3.52E-06	4.16E-06
3.45	3.52E-06	4.16E-06
3.451	3.52E-06	4.16E-06
3.452	3.52E-06	4.16E-06
3.453	3.52E-06	4.16E-06
3.454	3.52E-06	4.16E-06
3.455	3.52E-06	4.16E-06
3.456	3.52E-06	4.16E-06
3.457	3.52E-06	4.16E-06
3.458	3.52E-06	4.15E-06
3.459	3.52E-06	4.15E-06
3.46	3.52E-06	4.15E-06
3.461	3.52E-06	4.15E-06
3.462	3.52E-06	4.15E-06
3.463	3.52E-06	4.15E-06
3.464	3.52E-06	4.15E-06
3.465	3.52E-06	4.15E-06
3.466	3.52E-06	4.15E-06
3.467	3.52E-06	4.15E-06
3.468	3.52E-06	4.15E-06
3.469	3.52E-06	4.15E-06
3.47	3.52E-06	4.15E-06
3.471	3.52E-06	4.15E-06
3.472	3.52E-06	4.15E-06
3.473	3.52E-06	4.15E-06
3.474	3.52E-06	4.15E-06
3.475	3.52E-06	4.15E-06
3.476	3.52E-06	4.15E-06
3.477	3.52E-06	4.15E-06
3.478	3.52E-06	4.15E-06
3.479	3.52E-06	4.15E-06
3.48	3.51E-06	4.15E-06
3.481	3.51E-06	4.15E-06
3.482	3.51E-06	4.14E-06
3.483	3.51E-06	4.14E-06
3.484	3.51E-06	4.14E-06
3.485	3.51E-06	4.14E-06
3.486	3.51E-06	4.14E-06
3.487	3.51E-06	4.14E-06
3.488	3.51E-06	4.14E-06
3.489	3.51E-06	4.14E-06
3.49	3.51E-06	4.14E-06
3.491	3.51E-06	4.14E-06
3.492	3.51E-06	4.14E-06
3.493	3.51E-06	4.14E-06
3.494	3.51E-06	4.14E-06
3.495	3.51E-06	4.14E-06
3.496	3.51E-06	4.14E-06
3.497	3.51E-06	4.14E-06
3.498	3.51E-06	4.14E-06
3.499	3.51E-06	4.14E-06
3.5	3.51E-06	4.14E-06
3.501	3.51E-06	4.14E-06
3.502	3.51E-06	4.14E-06
3.503	3.51E-06	4.14E-06
3.504	3.51E-06	4.14E-06
3.505	3.51E-06	4.13E-06
3.506	3.51E-06	4.13E-06
3.507	3.51E-06	4.13E-06
3.508	3.51E-06	4.13E-06
3.509	3.51E-06	4.13E-06
3.51	3.51E-06	4.13E-06
3.511	3.51E-06	4.13E-06
3.512	3.51E-06	4.13E-06
3.513	3.51E-06	4.13E-06
3.514	3.51E-06	4.13E-06
3.515	3.51E-06	4.13E-06
3.516	3.51E-06	4.13E-06
3.517	3.51E-06	4.13E-06
3.518	3.51E-06	4.13E-06
3.519	3.51E-06	4.13E-06
3.52	3.51E-06	4.13E-06
3.521	3.51E-06	4.13E-06
3.522	3.51E-06	4.13E-06
3.523	3.50E-06	4.13E-06
3.524	3.50E-06	4.13E-06
3.525	3.50E-06	4.13E-06
3.526	3.50E-06	4.12E-06
3.527	3.50E-06	4.12E-06
3.528	3.50E-06	4.12E-06
3.529	3.50E-06	4.12E-06
3.53	3.50E-06	4.12E-06
3.531	3.50E-06	4.12E-06
3.532	3.50E-06	4.12E-06
3.533	3.50E-06	4.12E-06
3.534	3.50E-06	4.12E-06
3.535	3.50E-06	4.12E-06
3.536	3.50E-06	4.12E-06
3.537	3.50E-06	4.12E-06
3.538	3.50E-06	4.12E-06
3.539	3.50E-06	4.12E-06
3.54	3.50E-06	4.12E-06
3.541	3.50E-06	4.12E-06
3.542	3.50E-06	4.12E-06
3.543	3.50E-06	4.12E-06
3.544	3.50E-06	4.12E-06
3.545	3.50E-06	4.12E-06
3.546	3.50E-06	4.11E-06
3.547	3.50E-06	4.11E-06
3.548	3.50E-06	4.11E-06
3.549	3.50E-06	4.11E-06
3.55	3.50E-06	4.11E-06
3.551	3.50E-06	4.11E-06
3.552	3.50E-06	4.11E-06
3.553	3.50E-06	4.11E-06
3.554	3.50E-06	4.11E-06
3.555	3.50E-06	4.11E-06
3.556	3.50E-06	4.11E-06
3.557	3.50E-06	4.11E-06
3.558	3.50E-06	4.11E-06
3.559	3.50E-06	4.11E-06
3.56	3.50E-06	4.11E-06
3.561	3.50E-06	4.11E-06
3.562	3.50E-06	4.11E-06
3.563	3.50E-06	4.11E-06
3.564	3.50E-06	4.11E-06
3.565	3.50E-06	4.11E-06
3.566	3.50E-06	4.10E-06
3.567	3.50E-06	4.10E-06
3.568	3.50E-06	4.10E-06
3.569	3.50E-06	4.10E-06
3.57	3.50E-06	4.10E-06
3.571	3.50E-06	4.10E-06
3.572	3.50E-06	4.10E-06
3.573	3.50E-06	4.10E-06
3.574	3.50E-06	4.10E-06
3.575	3.50E-06	4.10E-06
3.576	3.50E-06	4.10E-06
3.577	3.50E-06	4.10E-06
3.578	3.50E-06	4.10E-06
3.579	3.50E-06	4.10E-06
3.58	3.50E-06	4.10E-06
3.581	3.50E-06	4.10E-06
3.582	3.49E-06	4.10E-06
3.583	3.49E-06	4.10E-06
3.584	3.49E-06	4.09E-06
3.585	3.49E-06	4.09E-06
3.586	3.49E-06	4.09E-06
3.587	3.49E-06	4.09E-06
3.588	3.49E-06	4.09E-06
3.589	3.49E-06	4.09E-06
3.59	3.49E-06	4.09E-06
3.591	3.49E-06	4.09E-06
3.592	3.49E-06	4.09E-06
3.593	3.49E-06	4.09E-06
3.594	3.49E-06	4.09E-06
3.595	3.49E-06	4.09E-06
3.596	3.49E-06	4.09E-06
3.597	3.49E-06	4.09E-06
3.598	3.49E-06	4.09E-06
3.599	3.49E-06	4.09E-06
3.6	3.49E-06	4.09E-06
3.601	3.49E-06	4.09E-06
3.602	3.49E-06	4.08E-06
3.603	3.49E-06	4.08E-06
3.604	3.49E-06	4.08E-06
3.605	3.49E-06	4.08E-06
3.606	3.49E-06	4.08E-06
3.607	3.49E-06	4.08E-06
3.608	3.49E-06	4.08E-06
3.609	3.49E-06	4.08E-06
3.61	3.49E-06	4.08E-06
3.611	3.49E-06	4.08E-06
3.612	3.49E-06	4.08E-06
3.613	3.48E-06	4.08E-06
3.614	3.48E-06	4.08E-06
3.615	3.48E-06	4.08E-06
3.616	3.48E-06	4.08E-06
3.617	3.48E-06	4.08E-06
3.618	3.48E-06	4.08E-06
3.619	3.48E-06	4.07E-06
3.62	3.48E-06	4.07E-06
3.621	3.48E-06	4.07E-06
3.622	3.48E-06	4.07E-06
3.623	3.48E-06	4.07E-06
3.624	3.48E-06	4.07E-06
3.625	3.48E-06	4.07E-06
3.626	3.48E-06	4.07E-06
3.627	3.48E-06	4.07E-06
3.628	3.48E-06	4.07E-06
3.629	3.48E-06	4.07E-06
3.63	3.48E-06	4.07E-06
3.631	3.48E-06	4.07E-06
3.632	3.48E-06	4.07E-06
3.633	3.48E-06	4.07E-06
3.634	3.48E-06	4.07E-06
3.635	3.48E-06	4.07E-06
3.636	3.48E-06	4.06E-06
3.637	3.47E-06	4.06E-06
3.638	3.47E-06	4.06E-06
3.639	3.47E-06	4.06E-06
3.64	3.47E-06	4.06E-06
3.641	3.47E-06	4.06E-06
3.642	3.47E-06	4.06E-06
3.643	3.47E-06	4.06E-06
3.644	3.47E-06	4.06E-06
3.645	3.47E-06	4.06E-06
3.646	3.47E-06	4.06E-06
3.647	3.47E-06	4.06E-06
3.648	3.47E-06	4.06E-06
3.649	3.47E-06	4.06E-06
3.65	3.47E-06	4.06E-06
3.651	3.47E-06	4.06E-06
3.652	3.47E-06	4.06E-06
3.653	3.47E-06	4.05E-06
3.654	3.47E-06	4.05E-06
3.655	3.47E-06	4.05E-06
3.656	3.47E-06	4.05E-06
3.657	3.47E-06	4.05E-06
3.658	3.47E-06	4.05E-06
3.659	3.47E-06	4.05E-06
3.66	3.47E-06	4.05E-06
3.661	3.47E-06	4.05E-06
3.662	3.47E-06	4.05E-06
3.663	3.47E-06	4.05E-06
3.664	3.47E-06	4.05E-06
3.665	3.47E-06	4.05E-06
3.666	3.47E-06	4.05E-06
3.667	3.47E-06	4.05E-06
3.668	3.47E-06	4.04E-06
3.669	3.47E-06	4.04E-06
3.67	3.47E-06	4.04E-06
3.671	3.47E-06	4.04E-06
3.672	3.47E-06	4.04E-06
3.673	3.47E-06	4.04E-06
3.674	3.47E-06	4.04E-06
3.675	3.46E-06	4.04E-06
3.676	3.46E-06	4.04E-06
3.677	3.46E-06	4.04E-06
3.678	3.46E-06	4.04E-06
3.679	3.46E-06	4.04E-06
3.68	3.46E-06	4.04E-06
3.681	3.46E-06	4.04E-06
3.682	3.46E-06	4.04E-06
3.683	3.46E-06	4.04E-06
3.684	3.46E-06	4.03E-06
3.685	3.46E-06	4.03E-06
3.686	3.46E-06	4.03E-06
3.687	3.46E-06	4.03E-06
3.688	3.46E-06	4.03E-06
3.689	3.46E-06	4.03E-06
3.69	3.46E-06	4.03E-06
3.691	3.46E-06	4.03E-06
3.692	3.46E-06	4.03E-06
3.693	3.46E-06	4.03E-06
3.694	3.46E-06	4.03E-06
3.695	3.46E-06	4.03E-06
3.696	3.46E-06	4.03E-06
3.697	3.46E-06	4.03E-06
3.698	3.46E-06	4.03E-06
3.699	3.46E-06	4.02E-06
3.7	3.46E-06	4.02E-06
3.701	3.46E-06	4.02E-06
3.702	3.46E-06	4.02E-06
3.703	3.46E-06	4.02E-06
3.704	3.46E-06	4.02E-06
3.705	3.46E-06	4.02E-06
3.706	3.46E-06	4.02E-06
3.707	3.46E-06	4.02E-06
3.708	3.46E-06	4.02E-06
3.709	3.46E-06	4.02E-06
3.71	3.46E-06	4.02E-06
3.711	3.46E-06	4.02E-06
3.712	3.46E-06	4.02E-06
3.713	3.46E-06	4.02E-06
3.714	3.46E-06	4.01E-06
3.715	3.45E-06	4.01E-06
3.716	3.45E-06	4.01E-06
3.717	3.45E-06	4.01E-06
3.718	3.45E-06	4.01E-06
3.719	3.45E-06	4.01E-06
3.72	3.45E-06	4.01E-06
3.721	3.45E-06	4.01E-06
3.722	3.45E-06	4.01E-06
3.723	3.45E-06	4.01E-06
3.724	3.45E-06	4.01E-06
3.725	3.45E-06	4.01E-06
3.726	3.45E-06	4.01E-06
3.727	3.45E-06	4.01E-06
3.728	3.45E-06	4.00E-06
3.729	3.45E-06	4.00E-06
3.73	3.45E-06	4.00E-06
3.731	3.45E-06	4.00E-06
3.732	3.45E-06	4.00E-06
3.733	3.45E-06	4.00E-06
3.734	3.45E-06	4.00E-06
3.735	3.45E-06	4.00E-06
3.736	3.45E-06	4.00E-06
3.737	3.45E-06	4.00E-06
3.738	3.45E-06	4.00E-06
3.739	3.44E-06	4.00E-06
3.74	3.44E-06	4.00E-06
3.741	3.44E-06	4.00E-06
3.742	3.44E-06	4.00E-06
3.743	3.44E-06	3.99E-06
3.744	3.44E-06	3.99E-06
3.745	3.44E-06	3.99E-06
3.746	3.44E-06	3.99E-06
3.747	3.44E-06	3.99E-06
3.748	3.44E-06	3.99E-06
3.749	3.44E-06	3.99E-06
3.75	3.44E-06	3.99E-06
3.751	3.44E-06	3.99E-06
3.752	3.44E-06	3.99E-06
3.753	3.44E-06	3.99E-06
3.754	3.44E-06	3.99E-06
3.755	3.44E-06	3.99E-06
3.756	3.44E-06	3.98E-06
3.757	3.44E-06	3.98E-06
3.758	3.44E-06	3.98E-06
3.759	3.44E-06	3.98E-06
3.76	3.44E-06	3.98E-06
3.761	3.44E-06	3.98E-06
3.762	3.44E-06	3.98E-06
3.763	3.44E-06	3.98E-06
3.764	3.43E-06	3.98E-06
3.765	3.43E-06	3.98E-06
3.766	3.43E-06	3.98E-06
3.767	3.43E-06	3.98E-06
3.768	3.43E-06	3.98E-06
3.769	3.43E-06	3.98E-06
3.77	3.43E-06	3.97E-06
3.771	3.43E-06	3.97E-06
3.772	3.43E-06	3.97E-06
3.773	3.43E-06	3.97E-06
3.774	3.43E-06	3.97E-06
3.775	3.43E-06	3.97E-06
3.776	3.43E-06	3.97E-06
3.777	3.43E-06	3.97E-06
3.778	3.43E-06	3.97E-06
3.779	3.43E-06	3.97E-06
3.78	3.43E-06	3.97E-06
3.781	3.43E-06	3.97E-06
3.782	3.43E-06	3.97E-06
3.783	3.43E-06	3.97E-06
3.784	3.43E-06	3.96E-06
3.785	3.43E-06	3.96E-06
3.786	3.43E-06	3.96E-06
3.787	3.43E-06	3.96E-06
3.788	3.43E-06	3.96E-06
3.789	3.43E-06	3.96E-06
3.79	3.42E-06	3.96E-06
3.791	3.42E-06	3.96E-06
3.792	3.42E-06	3.96E-06
3.793	3.42E-06	3.96E-06
3.794	3.42E-06	3.96E-06
3.795	3.42E-06	3.96E-06
3.796	3.42E-06	3.96E-06
3.797	3.42E-06	3.95E-06
3.798	3.42E-06	3.95E-06
3.799	3.42E-06	3.95E-06
3.8	3.42E-06	3.95E-06
3.801	3.42E-06	3.95E-06
3.802	3.42E-06	3.95E-06
3.803	3.42E-06	3.95E-06
3.804	3.42E-06	3.95E-06
3.805	3.42E-06	3.95E-06
3.806	3.42E-06	3.95E-06
3.807	3.42E-06	3.95E-06
3.808	3.42E-06	3.95E-06
3.809	3.41E-06	3.95E-06
3.81	3.41E-06	3.94E-06
3.811	3.41E-06	3.94E-06
3.812	3.41E-06	3.94E-06
3.813	3.41E-06	3.94E-06
3.814	3.41E-06	3.94E-06
3.815	3.41E-06	3.94E-06
3.816	3.41E-06	3.94E-06
3.817	3.41E-06	3.94E-06
3.818	3.41E-06	3.94E-06
3.819	3.41E-06	3.94E-06
3.82	3.41E-06	3.94E-06
3.821	3.41E-06	3.94E-06
3.822	3.41E-06	3.94E-06
3.823	3.41E-06	3.93E-06
3.824	3.41E-06	3.93E-06
3.825	3.40E-06	3.93E-06
3.826	3.40E-06	3.93E-06
3.827	3.40E-06	3.93E-06
3.828	3.40E-06	3.93E-06
3.829	3.40E-06	3.93E-06
3.83	3.40E-06	3.93E-06
3.831	3.40E-06	3.93E-06
3.832	3.40E-06	3.93E-06
3.833	3.40E-06	3.93E-06
3.834	3.40E-06	3.93E-06
3.835	3.40E-06	3.93E-06
3.836	3.40E-06	3.92E-06
3.837	3.40E-06	3.92E-06
3.838	3.40E-06	3.92E-06
3.839	3.40E-06	3.92E-06
3.84	3.40E-06	3.92E-06
3.841	3.39E-06	3.92E-06
3.842	3.39E-06	3.92E-06
3.843	3.39E-06	3.92E-06
3.844	3.39E-06	3.92E-06
3.845	3.39E-06	3.92E-06
3.846	3.39E-06	3.92E-06
3.847	3.39E-06	3.92E-06
3.848	3.39E-06	3.91E-06
3.849	3.39E-06	3.91E-06
3.85	3.39E-06	3.91E-06
3.851	3.39E-06	3.91E-06
3.852	3.39E-06	3.91E-06
3.853	3.39E-06	3.91E-06
3.854	3.39E-06	3.91E-06
3.855	3.39E-06	3.91E-06
3.856	3.39E-06	3.91E-06
3.857	3.39E-06	3.91E-06
3.858	3.39E-06	3.91E-06
3.859	3.39E-06	3.91E-06
3.86	3.39E-06	3.91E-06
3.861	3.39E-06	3.90E-06
3.862	3.38E-06	3.90E-06
3.863	3.38E-06	3.90E-06
3.864	3.38E-06	3.90E-06
3.865	3.38E-06	3.90E-06
3.866	3.38E-06	3.90E-06
3.867	3.38E-06	3.90E-06
3.868	3.38E-06	3.90E-06
3.869	3.38E-06	3.90E-06
3.87	3.38E-06	3.90E-06
3.871	3.38E-06	3.90E-06
3.872	3.38E-06	3.90E-06
3.873	3.38E-06	3.89E-06
3.874	3.38E-06	3.89E-06
3.875	3.38E-06	3.89E-06
3.876	3.38E-06	3.89E-06
3.877	3.38E-06	3.89E-06
3.878	3.38E-06	3.89E-06
3.879	3.38E-06	3.89E-06
3.88	3.38E-06	3.89E-06
3.881	3.38E-06	3.89E-06
3.882	3.38E-06	3.89E-06
3.883	3.38E-06	3.89E-06
3.884	3.38E-06	3.89E-06
3.885	3.38E-06	3.88E-06
3.886	3.38E-06	3.88E-06
3.887	3.38E-06	3.88E-06
3.888	3.38E-06	3.88E-06
3.889	3.37E-06	3.88E-06
3.89	3.37E-06	3.88E-06
3.891	3.37E-06	3.88E-06
3.892	3.37E-06	3.88E-06
3.893	3.37E-06	3.88E-06
3.894	3.37E-06	3.88E-06
3.895	3.37E-06	3.88E-06
3.896	3.37E-06	3.88E-06
3.897	3.37E-06	3.87E-06
3.898	3.37E-06	3.87E-06
3.899	3.37E-06	3.87E-06
3.9	3.37E-06	3.87E-06
3.901	3.37E-06	3.87E-06
3.902	3.37E-06	3.87E-06
3.903	3.37E-06	3.87E-06
3.904	3.37E-06	3.87E-06
3.905	3.37E-06	3.87E-06
3.906	3.37E-06	3.87E-06
3.907	3.37E-06	3.87E-06
3.908	3.37E-06	3.87E-06
3.909	3.37E-06	3.86E-06
3.91	3.36E-06	3.86E-06
3.911	3.36E-06	3.86E-06
3.912	3.36E-06	3.86E-06
3.913	3.36E-06	3.86E-06
3.914	3.36E-06	3.86E-06
3.915	3.36E-06	3.86E-06
3.916	3.36E-06	3.86E-06
3.917	3.36E-06	3.86E-06
3.918	3.36E-06	3.86E-06
3.919	3.36E-06	3.86E-06
3.92	3.36E-06	3.85E-06
3.921	3.36E-06	3.85E-06
3.922	3.36E-06	3.85E-06
3.923	3.36E-06	3.85E-06
3.924	3.36E-06	3.85E-06
3.925	3.36E-06	3.85E-06
3.926	3.35E-06	3.85E-06
3.927	3.35E-06	3.85E-06
3.928	3.35E-06	3.85E-06
3.929	3.35E-06	3.85E-06
3.93	3.35E-06	3.85E-06
3.931	3.35E-06	3.85E-06
3.932	3.35E-06	3.84E-06
3.933	3.35E-06	3.84E-06
3.934	3.35E-06	3.84E-06
3.935	3.35E-06	3.84E-06
3.936	3.35E-06	3.84E-06
3.937	3.35E-06	3.84E-06
3.938	3.35E-06	3.84E-06
3.939	3.35E-06	3.84E-06
3.94	3.35E-06	3.84E-06
3.941	3.35E-06	3.84E-06
3.942	3.34E-06	3.84E-06
3.943	3.34E-06	3.84E-06
3.944	3.34E-06	3.83E-06
3.945	3.34E-06	3.83E-06
3.946	3.34E-06	3.83E-06
3.947	3.34E-06	3.83E-06
3.948	3.34E-06	3.83E-06
3.949	3.34E-06	3.83E-06
3.95	3.34E-06	3.83E-06
3.951	3.34E-06	3.83E-06
3.952	3.34E-06	3.83E-06
3.953	3.34E-06	3.83E-06
3.954	3.34E-06	3.83E-06
3.955	3.34E-06	3.82E-06
3.956	3.34E-06	3.82E-06
3.957	3.34E-06	3.82E-06
3.958	3.34E-06	3.82E-06
3.959	3.34E-06	3.82E-06
3.96	3.34E-06	3.82E-06
3.961	3.33E-06	3.82E-06
3.962	3.33E-06	3.82E-06
3.963	3.33E-06	3.82E-06
3.964	3.33E-06	3.82E-06
3.965	3.33E-06	3.82E-06
3.966	3.33E-06	3.81E-06
3.967	3.33E-06	3.81E-06
3.968	3.33E-06	3.81E-06
3.969	3.33E-06	3.81E-06
3.97	3.33E-06	3.81E-06
3.971	3.33E-06	3.81E-06
3.972	3.33E-06	3.81E-06
3.973	3.33E-06	3.81E-06
3.974	3.33E-06	3.81E-06
3.975	3.33E-06	3.81E-06
3.976	3.33E-06	3.81E-06
3.977	3.33E-06	3.80E-06
3.978	3.33E-06	3.80E-06
3.979	3.33E-06	3.80E-06
3.98	3.33E-06	3.80E-06
3.981	3.33E-06	3.80E-06
3.982	3.33E-06	3.80E-06
3.983	3.33E-06	3.80E-06
3.984	3.33E-06	3.80E-06
3.985	3.33E-06	3.80E-06
3.986	3.32E-06	3.80E-06
3.987	3.32E-06	3.80E-06
3.988	3.32E-06	3.80E-06
3.989	3.32E-06	3.79E-06
3.99	3.32E-06	3.79E-06
3.991	3.32E-06	3.79E-06
3.992	3.32E-06	3.79E-06
3.993	3.32E-06	3.79E-06
3.994	3.32E-06	3.79E-06
3.995	3.32E-06	3.79E-06
3.996	3.32E-06	3.79E-06
3.997	3.32E-06	3.79E-06
3.998	3.32E-06	3.79E-06
3.999	3.32E-06	3.79E-06
4	3.32E-06	3.78E-06
4.001	3.32E-06	3.78E-06
4.002	3.32E-06	3.78E-06
4.003	3.32E-06	3.78E-06
4.004	3.32E-06	3.78E-06
4.005	3.32E-06	3.78E-06
4.006	3.32E-06	3.78E-06
4.007	3.32E-06	3.78E-06
4.008	3.32E-06	3.78E-06
4.009	3.32E-06	3.78E-06
4.01	3.32E-06	3.78E-06
4.011	3.32E-06	3.77E-06
4.012	3.32E-06	3.77E-06
4.013	3.32E-06	3.77E-06
4.014	3.31E-06	3.77E-06
4.015	3.31E-06	3.77E-06
4.016	3.31E-06	3.77E-06
4.017	3.31E-06	3.77E-06
4.018	3.31E-06	3.77E-06
4.019	3.31E-06	3.77E-06
4.02	3.31E-06	3.77E-06
4.021	3.31E-06	3.76E-06
4.022	3.31E-06	3.76E-06
4.023	3.31E-06	3.76E-06
4.024	3.31E-06	3.76E-06
4.025	3.31E-06	3.76E-06
4.026	3.31E-06	3.76E-06
4.027	3.31E-06	3.76E-06
4.028	3.31E-06	3.76E-06
4.029	3.31E-06	3.76E-06
4.03	3.31E-06	3.76E-06
4.031	3.31E-06	3.76E-06
4.032	3.31E-06	3.75E-06
4.033	3.31E-06	3.75E-06
4.034	3.31E-06	3.75E-06
4.035	3.31E-06	3.75E-06
4.036	3.31E-06	3.75E-06
4.037	3.31E-06	3.75E-06
4.038	3.30E-06	3.75E-06
4.039	3.30E-06	3.75E-06
4.04	3.30E-06	3.75E-06
4.041	3.30E-06	3.75E-06
4.042	3.30E-06	3.75E-06
4.043	3.30E-06	3.74E-06
4.044	3.30E-06	3.74E-06
4.045	3.30E-06	3.74E-06
4.046	3.30E-06	3.74E-06
4.047	3.30E-06	3.74E-06
4.048	3.30E-06	3.74E-06
4.049	3.30E-06	3.74E-06
4.05	3.30E-06	3.74E-06
4.051	3.30E-06	3.74E-06
4.052	3.30E-06	3.74E-06
4.053	3.30E-06	3.74E-06
4.054	3.30E-06	3.73E-06
4.055	3.30E-06	3.73E-06
4.056	3.30E-06	3.73E-06
4.057	3.30E-06	3.73E-06
4.058	3.30E-06	3.73E-06
4.059	3.30E-06	3.73E-06
4.06	3.30E-06	3.73E-06
4.061	3.30E-06	3.73E-06
4.062	3.30E-06	3.73E-06
4.063	3.29E-06	3.73E-06
4.064	3.29E-06	3.72E-06
4.065	3.29E-06	3.72E-06
4.066	3.29E-06	3.72E-06
4.067	3.29E-06	3.72E-06
4.068	3.29E-06	3.72E-06
4.069	3.29E-06	3.72E-06
4.07	3.29E-06	3.72E-06
4.071	3.29E-06	3.72E-06
4.072	3.29E-06	3.72E-06
4.073	3.29E-06	3.72E-06
4.074	3.29E-06	3.72E-06
4.075	3.29E-06	3.71E-06
4.076	3.29E-06	3.71E-06
4.077	3.29E-06	3.71E-06
4.078	3.29E-06	3.71E-06
4.079	3.29E-06	3.71E-06
4.08	3.29E-06	3.71E-06
4.081	3.29E-06	3.71E-06
4.082	3.29E-06	3.71E-06
4.083	3.29E-06	3.71E-06
4.084	3.29E-06	3.71E-06
4.085	3.29E-06	3.70E-06
4.086	3.29E-06	3.70E-06
4.087	3.29E-06	3.70E-06
4.088	3.28E-06	3.70E-06
4.089	3.28E-06	3.70E-06
4.09	3.28E-06	3.70E-06
4.091	3.28E-06	3.70E-06
4.092	3.28E-06	3.70E-06
4.093	3.28E-06	3.70E-06
4.094	3.28E-06	3.70E-06
4.095	3.28E-06	3.69E-06
4.096	3.28E-06	3.69E-06
4.097	3.28E-06	3.69E-06
4.098	3.28E-06	3.69E-06
4.099	3.28E-06	3.69E-06
4.1	3.28E-06	3.69E-06
4.101	3.28E-06	3.69E-06
4.102	3.28E-06	3.69E-06
4.103	3.28E-06	3.69E-06
4.104	3.28E-06	3.69E-06
4.105	3.28E-06	3.69E-06
4.106	3.28E-06	3.68E-06
4.107	3.28E-06	3.68E-06
4.108	3.28E-06	3.68E-06
4.109	3.28E-06	3.68E-06
4.11	3.28E-06	3.68E-06
4.111	3.28E-06	3.68E-06
4.112	3.28E-06	3.68E-06
4.113	3.27E-06	3.68E-06
4.114	3.27E-06	3.68E-06
4.115	3.27E-06	3.68E-06
4.116	3.27E-06	3.67E-06
4.117	3.27E-06	3.67E-06
4.118	3.27E-06	3.67E-06
4.119	3.27E-06	3.67E-06
4.12	3.27E-06	3.67E-06
4.121	3.27E-06	3.67E-06
4.122	3.27E-06	3.67E-06
4.123	3.27E-06	3.67E-06
4.124	3.27E-06	3.67E-06
4.125	3.27E-06	3.67E-06
4.126	3.27E-06	3.66E-06
4.127	3.27E-06	3.66E-06
4.128	3.27E-06	3.66E-06
4.129	3.27E-06	3.66E-06
4.13	3.27E-06	3.66E-06
4.131	3.27E-06	3.66E-06
4.132	3.27E-06	3.66E-06
4.133	3.27E-06	3.66E-06
4.134	3.27E-06	3.66E-06
4.135	3.27E-06	3.66E-06
4.136	3.27E-06	3.65E-06
4.137	3.27E-06	3.65E-06
4.138	3.26E-06	3.65E-06
4.139	3.26E-06	3.65E-06
4.14	3.26E-06	3.65E-06
4.141	3.26E-06	3.65E-06
4.142	3.26E-06	3.65E-06
4.143	3.26E-06	3.65E-06
4.144	3.26E-06	3.65E-06
4.145	3.26E-06	3.65E-06
4.146	3.26E-06	3.65E-06
4.147	3.26E-06	3.64E-06
4.148	3.26E-06	3.64E-06
4.149	3.26E-06	3.64E-06
4.15	3.26E-06	3.64E-06
4.151	3.26E-06	3.64E-06
4.152	3.26E-06	3.64E-06
4.153	3.26E-06	3.64E-06
4.154	3.26E-06	3.64E-06
4.155	3.26E-06	3.64E-06
4.156	3.26E-06	3.64E-06
4.157	3.26E-06	3.63E-06
4.158	3.26E-06	3.63E-06
4.159	3.26E-06	3.63E-06
4.16	3.26E-06	3.63E-06
4.161	3.26E-06	3.63E-06
4.162	3.26E-06	3.63E-06
4.163	3.25E-06	3.63E-06
4.164	3.25E-06	3.63E-06
4.165	3.25E-06	3.63E-06
4.166	3.25E-06	3.63E-06
4.167	3.25E-06	3.62E-06
4.168	3.25E-06	3.62E-06
4.169	3.25E-06	3.62E-06
4.17	3.25E-06	3.62E-06
4.171	3.25E-06	3.62E-06
4.172	3.25E-06	3.62E-06
4.173	3.25E-06	3.62E-06
4.174	3.25E-06	3.62E-06
4.175	3.25E-06	3.62E-06
4.176	3.25E-06	3.62E-06
4.177	3.25E-06	3.61E-06
4.178	3.25E-06	3.61E-06
4.179	3.25E-06	3.61E-06
4.18	3.25E-06	3.61E-06
4.181	3.25E-06	3.61E-06
4.182	3.25E-06	3.61E-06
4.183	3.25E-06	3.61E-06
4.184	3.25E-06	3.61E-06
4.185	3.25E-06	3.61E-06
4.186	3.25E-06	3.61E-06
4.187	3.25E-06	3.60E-06
4.188	3.24E-06	3.60E-06
4.189	3.24E-06	3.60E-06
4.19	3.24E-06	3.60E-06
4.191	3.24E-06	3.60E-06
4.192	3.24E-06	3.60E-06
4.193	3.24E-06	3.60E-06
4.194	3.24E-06	3.60E-06
4.195	3.24E-06	3.60E-06
4.196	3.24E-06	3.60E-06
4.197	3.24E-06	3.59E-06
4.198	3.24E-06	3.59E-06
4.199	3.24E-06	3.59E-06
